-801662.0 0.907
-800589.0 0.922
-799501.0 0.916
-798443.0 0.867
-797408.0 0.894
-796449.0 0.866
-795556.0 0.822
-794708.0 0.693
-793876.0 0.576
-793079.0 0.489
-792331.0 0.446
-791618.0 0.366
-790937.0 0.254
-790282.0 0.172
-789635.0 0.085
-789019.0 0.013
-788442.0 -0.019
-787885.0 -0.108
-787298.0 -0.281
-786706.0 -0.268
-786105.0 -0.210
-785470.0 -0.208
-784830.0 -0.194
-784173.0 -0.113
-783528.0 -0.115
-782856.0 -0.066
-782180.0 -0.095
-781519.0 -0.032
-780863.0 -0.019
-780209.0 -0.047
-779549.0 -0.053
-778873.0 -0.047
-778201.0 -0.023
-777536.0 0.024
-776861.0 0.029
-776159.0 0.027
-775442.0 0.066
-774703.0 0.139
-773957.0 0.189
-773239.0 0.234
-772553.0 0.290
-771907.0 0.261
-771249.0 0.205
-770559.0 0.187
-769831.0 0.192
-769072.0 0.293
-768299.0 0.406
-767558.0 0.502
-766880.0 0.560
-766238.0 0.534
-765628.0 0.439
-765016.0 0.373
-764399.0 0.324
-763761.0 0.319
-763083.0 0.382
-762387.0 0.471
-761692.0 0.606
-761022.0 0.693
-760417.0 0.685
-759838.0 0.663
-759282.0 0.564
-758757.0 0.512
-758265.0 0.469
-757758.0 0.402
-757220.0 0.372
-756643.0 0.431
-756060.0 0.538
-755475.0 0.678
-754886.0 0.723
-754300.0 0.759
-753716.0 0.785
-753139.0 0.824
-752561.0 0.843
-751990.0 0.850
-751428.0 0.874
-750878.0 0.873
-750322.0 0.861
-749766.0 0.835
-749203.0 0.853
-748642.0 0.876
-748091.0 0.889
-747520.0 0.880
-746947.0 0.878
-746375.0 0.870
-745782.0 0.870
-745171.0 0.848
-744545.0 0.886
-743934.0 0.910
-743325.0 0.926
-742707.0 0.876
-742086.0 0.857
-741465.0 0.825
-740867.0 0.824
-740294.0 0.801
-739778.0 0.669
-739277.0 0.541
-738799.0 0.448
-738294.0 0.413
-737809.0 0.324
-737354.0 0.290
-736837.0 0.283
-736355.0 0.220
-735855.0 0.175
-735336.0 0.214
-734843.0 0.237
-734327.0 0.208
-733803.0 0.205
-733241.0 0.185
-732602.0 0.244
-731946.0 0.337
-731331.0 0.399
-730709.0 0.392
-730050.0 0.403
-729369.0 0.458
-728662.0 0.478
-727948.0 0.510
-727213.0 0.497
-726535.0 0.517
-725802.0 0.369
-724982.0 0.385
-724233.0 0.467
-723478.0 0.666
-722534.0 0.835
-721643.0 0.900
-720764.0 0.775
-720001.0 0.665
-719147.0 0.634
-718378.0 0.570
-717625.0 0.535
-716860.0 0.444
-716162.0 0.396
-715479.0 0.388
-714808.0 0.248
-714092.0 0.218
-713410.0 0.201
-712743.0 0.257
-712087.0 0.243
-711436.0 0.222
-710806.0 0.215
-710178.0 0.224
-709591.0 0.198
-709011.0 0.218
-708436.0 0.144
-707870.0 0.152
-707312.0 0.168
-706780.0 0.172
-706270.0 0.179
-705770.0 0.138
-705287.0 0.102
-704825.0 0.102
-704384.0 0.079
-703956.0 0.040
-703529.0 -0.007
-703114.0 -0.020
-702719.0 -0.001
-702339.0 -0.014
-701952.0 -0.069
-701564.0 -0.105
-701177.0 -0.049
-700784.0 -0.027
-700404.0 -0.007
-700027.0 0.036
-699665.0 -0.001
-699317.0 0.007
-698974.0 -0.034
-698634.0 -0.083
-698299.0 -0.095
-697970.0 -0.089
-697637.0 -0.080
-697310.0 -0.116
-696992.0 -0.092
-696673.0 -0.062
-696351.0 -0.093
-696030.0 -0.105
-695713.0 -0.083
-695392.0 -0.096
-695072.0 -0.080
-694761.0 -0.072
-694439.0 -0.060
-694129.0 -0.098
-693830.0 -0.092
-693514.0 -0.136
-693188.0 -0.129
-692871.0 -0.066
-692539.0 -0.016
-692210.0 0.000
-691888.0 0.029
-691562.0 0.036
-691219.0 0.001
-690880.0 0.013
-690540.0 0.079
-690193.0 0.079
-689836.0 0.092
-689486.0 0.122
-689136.0 0.172
-688786.0 0.144
-688435.0 0.123
-688070.0 0.135
-687708.0 0.144
-687342.0 0.177
-686965.0 0.211
-686589.0 0.225
-686211.0 0.274
-685823.0 0.303
-685431.0 0.304
-685025.0 0.313
-684610.0 0.334
-684198.0 0.392
-683792.0 0.425
-683371.0 0.408
-682912.0 0.388
-682433.0 0.442
-681935.0 0.505
-681449.0 0.639
-680987.0 0.695
-680542.0 0.649
-680122.0 0.568
-679721.0 0.495
-679269.0 0.380
-678780.0 0.311
-678267.0 0.452
-677788.0 0.632
-677330.0 0.695
-676871.0 0.604
-676364.0 0.487
-675849.0 0.494
-675293.0 0.580
-674722.0 0.653
-674132.0 0.719
-673520.0 0.744
-672908.0 0.788
-672290.0 0.825
-671706.0 0.812
-671102.0 0.735
-670509.0 0.686
-669852.0 0.680
-669129.0 0.834
-668348.0 0.917
-667546.0 0.926
-666722.0 0.937
-665887.0 0.940
-665075.0 0.924
-664289.0 0.850
-663513.0 0.764
-662653.0 0.789
-661743.0 0.833
-660865.0 0.881
-659970.0 0.792
-659093.0 0.841
-658255.0 0.721
-657420.0 0.700
-656550.0 0.604
-655611.0 0.627
-654607.0 0.729
-653588.0 0.778
-652589.0 0.749
-651553.0 0.688
-650556.0 0.713
-649522.0 0.656
-648431.0 0.712
-647328.0 0.764
-646222.0 0.748
-645119.0 0.744
-643907.0 0.751
-642589.0 0.820
-641262.0 0.913
-639948.0 0.910
-638664.0 0.887
-637310.0 0.845
-635956.0 0.922
-634676.0 0.919
-633312.0 0.824
-631964.0 0.904
-630645.0 0.893
-629486.0 0.843
-628490.0 0.670
-627597.0 0.436
-626800.0 0.276
-626073.0 0.099
-625316.0 -0.043
-624562.0 0.027
-623796.0 0.019
-623054.0 0.049
-622342.0 0.003
-621644.0 0.013
-620950.0 -0.079
-620278.0 -0.078
-619576.0 -0.017
-618904.0 -0.030
-618205.0 -0.102
-617533.0 -0.032
-616895.0 -0.080
-616273.0 -0.149
-615672.0 -0.175
-615060.0 -0.220
-614466.0 -0.172
-613878.0 -0.210
-613310.0 -0.165
-612717.0 -0.210
-612130.0 -0.149
-611541.0 -0.154
-610985.0 -0.148
-610425.0 -0.178
-609854.0 -0.202
-609269.0 -0.162
-608674.0 -0.109
-608079.0 -0.070
-607474.0 -0.022
-606819.0 0.063
-606161.0 0.102
-605507.0 0.139
-604834.0 0.145
-604150.0 0.204
-603474.0 0.247
-602788.0 0.243
-602124.0 0.263
-601487.0 0.248
-600791.0 0.385
-600096.0 0.357
-599400.0 0.409
-598667.0 0.436
-597892.0 0.563
-597190.0 0.603
-596546.0 0.547
-595959.0 0.422
-595401.0 0.276
-594821.0 0.200
-594256.0 0.261
-593666.0 0.306
-593083.0 0.372
-592474.0 0.402
-591862.0 0.456
-591301.0 0.491
-590816.0 0.357
-590337.0 0.139
-589830.0 0.141
-589314.0 0.222
-588778.0 0.304
-588205.0 0.385
-587620.0 0.518
-587034.0 0.607
-586521.0 0.577
-585990.0 0.429
-585485.0 0.517
-584984.0 0.467
-584446.0 0.488
-583928.0 0.630
-583449.0 0.650
-582999.0 0.547
-582592.0 0.462
-582213.0 0.332
-581846.0 0.248
-581507.0 0.230
-581193.0 0.136
-580878.0 0.044
-580598.0 0.078
-580335.0 -0.027
-580084.0 -0.149
-579836.0 -0.205
-579592.0 -0.192
-579352.0 -0.207
-579114.0 -0.201
-578883.0 -0.204
-578645.0 -0.227
-578402.0 -0.164
-578166.0 -0.113
-577932.0 -0.096
-577684.0 -0.079
-577447.0 -0.033
-577214.0 -0.090
-576981.0 -0.096
-576749.0 -0.079
-576523.0 -0.056
-576297.0 -0.111
-576076.0 -0.111
-575861.0 -0.126
-575654.0 -0.155
-575452.0 -0.195
-575244.0 -0.217
-575040.0 -0.162
-574837.0 -0.184
-574631.0 -0.182
-574428.0 -0.156
-574217.0 -0.171
-574016.0 -0.106
-573814.0 -0.174
-573608.0 -0.165
-573392.0 -0.125
-573193.0 -0.050
-572991.0 -0.169
-572790.0 -0.139
-572583.0 -0.154
-572378.0 -0.092
-572178.0 -0.102
-571977.0 -0.142
-571780.0 -0.116
-571585.0 -0.152
-571390.0 -0.161
-571194.0 -0.151
-571001.0 -0.145
-570807.0 -0.155
-570612.0 -0.146
-570419.0 -0.128
-570228.0 -0.144
-570034.0 -0.146
-569845.0 -0.123
-569656.0 -0.155
-569474.0 -0.148
-569285.0 -0.202
-569093.0 -0.145
-568905.0 -0.105
-568716.0 -0.142
-568532.0 -0.131
-568346.0 -0.161
-568161.0 -0.138
-567969.0 -0.152
-567781.0 -0.082
-567602.0 -0.118
-567420.0 -0.184
-567231.0 -0.155
-567047.0 -0.090
-566857.0 -0.152
-566671.0 -0.069
-566484.0 -0.100
-566298.0 -0.088
-566114.0 -0.095
-565933.0 -0.098
-565745.0 -0.125
-565554.0 -0.060
-565365.0 -0.033
-565179.0 -0.042
-564994.0 -0.062
-564815.0 -0.065
-564627.0 0.011
-564432.0 -0.042
-564238.0 -0.001
-564039.0 0.013
-563841.0 0.053
-563636.0 0.044
-563433.0 0.103
-563225.0 0.080
-563015.0 0.119
-562799.0 0.129
-562582.0 0.167
-562357.0 0.172
-562130.0 0.215
-561889.0 0.225
-561649.0 0.307
-561404.0 0.286
-561149.0 0.309
-560890.0 0.359
-560625.0 0.389
-560352.0 0.421
-560077.0 0.428
-559778.0 0.467
-559461.0 0.571
-559133.0 0.613
-558823.0 0.626
-558514.0 0.524
-558214.0 0.454
-557911.0 0.429
-557616.0 0.413
-557308.0 0.352
-557013.0 0.369
-556719.0 0.274
-556411.0 0.245
-556126.0 0.311
-555844.0 0.108
-555563.0 0.085
-555265.0 0.122
-554948.0 0.221
-554604.0 0.290
-554250.0 0.313
-553874.0 0.369
-553481.0 0.419
-553047.0 0.535
-552607.0 0.544
-552129.0 0.637
-551673.0 0.571
-551208.0 0.543
-550761.0 0.442
-550322.0 0.409
-549855.0 0.522
-549348.0 0.619
-548818.0 0.675
-548280.0 0.670
-547746.0 0.620
-547202.0 0.670
-546604.0 0.777
-545985.0 0.810
-545367.0 0.807
-544758.0 0.808
-544149.0 0.738
-543554.0 0.696
-542964.0 0.680
-542381.0 0.660
-541788.0 0.686
-541188.0 0.708
-540589.0 0.725
-539991.0 0.712
-539391.0 0.726
-538784.0 0.756
-538194.0 0.722
-537652.0 0.570
-537113.0 0.611
-536575.0 0.620
-536044.0 0.611
-535508.0 0.645
-534994.0 0.594
-534459.0 0.675
-533926.0 0.680
-533375.0 0.748
-532841.0 0.715
-532302.0 0.748
-531795.0 0.663
-531284.0 0.693
-530804.0 0.610
-530357.0 0.512
-529939.0 0.421
-529534.0 0.385
-529157.0 0.287
-528783.0 0.278
-528422.0 0.235
-528056.0 0.260
-527683.0 0.299
-527299.0 0.345
-526935.0 0.276
-526559.0 0.333
-526184.0 0.339
-525808.0 0.349
-525452.0 0.307
-525099.0 0.266
-524728.0 0.336
-524375.0 0.257
-524022.0 0.289
-523675.0 0.258
-523321.0 0.303
-522969.0 0.294
-522610.0 0.336
-522290.0 0.155
-521978.0 0.129
-521664.0 0.139
-521353.0 0.129
-521027.0 0.207
-520726.0 0.089
-520416.0 0.136
-520111.0 0.179
-519804.0 0.131
-519495.0 0.141
-519193.0 0.105
-518885.0 0.136
-518578.0 0.139
-518267.0 0.156
-517960.0 0.138
-517637.0 0.217
-517329.0 0.145
-516998.0 0.256
-516666.0 0.260
-516329.0 0.284
-516006.0 0.217
-515681.0 0.227
-515343.0 0.281
-514989.0 0.356
-514633.0 0.359
-514282.0 0.336
-513933.0 0.326
-513563.0 0.413
-513185.0 0.448
-512809.0 0.429
-512432.0 0.435
-512049.0 0.449
-511658.0 0.482
-511267.0 0.478
-510876.0 0.468
-510487.0 0.455
-510100.0 0.438
-509704.0 0.471
-509308.0 0.464
-508902.0 0.494
-508493.0 0.502
-508120.0 0.345
-507758.0 0.294
-507396.0 0.290
-507027.0 0.306
-506654.0 0.316
-506271.0 0.346
-505875.0 0.389
-505474.0 0.405
-505080.0 0.365
-504708.0 0.273
-504346.0 0.215
-503968.0 0.281
-503596.0 0.245
-503217.0 0.268
-502832.0 0.280
-502446.0 0.277
-502067.0 0.238
-501663.0 0.332
-501269.0 0.280
-500875.0 0.274
-500482.0 0.260
-500090.0 0.251
-499694.0 0.258
-499316.0 0.175
-498934.0 0.182
-498545.0 0.205
-498157.0 0.191
-497762.0 0.211
-497376.0 0.167
-496978.0 0.211
-496584.0 0.184
-496190.0 0.178
-495800.0 0.155
-495401.0 0.185
-495001.0 0.184
-494600.0 0.184
-494208.0 0.179
-493802.0 0.205
-493416.0 0.105
-493022.0 0.144
-492628.0 0.132
-492234.0 0.132
-491845.0 0.108
-491456.0 0.108
-491076.0 0.076
-490701.0 0.044
-490338.0 -0.009
-489978.0 -0.027
-489620.0 -0.036
-489256.0 -0.016
-488889.0 0.001
-488555.0 -0.164
-488185.0 0.010
-487817.0 -0.014
-487444.0 0.009
-487062.0 0.036
-486679.0 0.037
-486279.0 0.103
-485870.0 0.132
-485462.0 0.128
-485051.0 0.135
-484635.0 0.149
-484225.0 0.123
-483798.0 0.181
-483371.0 0.178
-482928.0 0.237
-482489.0 0.211
-482035.0 0.264
-481571.0 0.291
-481081.0 0.350
-480605.0 0.324
-480119.0 0.352
-479623.0 0.380
-479099.0 0.464
-478562.0 0.500
-478062.0 0.386
-477586.0 0.307
-477138.0 0.208
-476679.0 0.243
-476200.0 0.303
-475696.0 0.372
-475160.0 0.467
-474576.0 0.630
-473970.0 0.647
-473409.0 0.527
-472880.0 0.431
-472392.0 0.304
-471934.0 0.215
-471435.0 0.334
-470916.0 0.385
-470337.0 0.545
-469706.0 0.683
-469115.0 0.570
-468461.0 0.729
-467740.0 0.881
-467058.0 0.794
-466367.0 0.814
-465657.0 0.861
-464951.0 0.853
-464257.0 0.801
-463620.0 0.739
-462970.0 0.736
-462350.0 0.667
-461713.0 0.711
-461031.0 0.824
-460344.0 0.838
-459652.0 0.857
-458942.0 0.904
-458216.0 0.909
-457519.0 0.890
-456813.0 0.922
-456156.0 0.820
-455550.0 0.702
-454969.0 0.647
-454400.0 0.619
-453816.0 0.551
-453229.0 0.680
-452613.0 0.774
-452042.0 0.656
-451492.0 0.603
-450881.0 0.778
-450288.0 0.739
-449719.0 0.683
-449151.0 0.686
-448573.0 0.729
-448047.0 0.583
-447536.0 0.548
-447034.0 0.524
-446471.0 0.715
-445900.0 0.739
-445342.0 0.711
-444785.0 0.711
-444216.0 0.756
-443682.0 0.667
-443120.0 0.777
-442535.0 0.850
-441954.0 0.837
-441388.0 0.894
-440798.0 0.943
-440206.0 0.939
-439625.0 0.955
-439039.0 0.960
-438423.0 0.904
-437827.0 1.000
-437267.0 0.969
-436726.0 1.000
-436141.0 0.920
-435592.0 0.794
-435023.0 0.860
-434472.0 0.814
-433969.0 0.873
-433425.0 0.807
-432870.0 0.845
-432326.0 0.817
-431767.0 0.817
-431226.0 0.817
-430693.0 0.804
-430187.0 0.729
-429718.0 0.616
-429259.0 0.590
-428868.0 0.510
-428444.0 0.478
-428065.0 0.306
-427684.0 0.316
-427343.0 0.208
-427020.0 0.062
-426715.0 -0.030
-426390.0 0.024
-426090.0 -0.053
-425813.0 -0.093
-425537.0 -0.086
-425277.0 -0.217
-425027.0 -0.317
-424784.0 -0.372
-424536.0 -0.324
-424263.0 -0.174
-423963.0 -0.023
-423669.0 -0.057
-423359.0 0.013
-423056.0 -0.042
-422768.0 -0.142
-422475.0 -0.136
-422171.0 -0.090
-421871.0 -0.112
-421582.0 -0.154
-421290.0 -0.162
-421013.0 -0.251
-420741.0 -0.274
-420474.0 -0.317
-420203.0 -0.290
-419929.0 -0.270
-419666.0 -0.346
-419398.0 -0.309
-419133.0 -0.324
-418889.0 -0.313
-418624.0 -0.319
-418364.0 -0.360
-418106.0 -0.370
-417860.0 -0.446
-417608.0 -0.405
-417358.0 -0.413
-417118.0 -0.478
-416874.0 -0.455
-416624.0 -0.406
-416380.0 -0.449
-416125.0 -0.373
-415875.0 -0.403
-415626.0 -0.403
-415384.0 -0.446
-415132.0 -0.376
-414882.0 -0.383
-414639.0 -0.421
-414392.0 -0.396
-414139.0 -0.347
-413902.0 -0.441
-413669.0 -0.456
-413432.0 -0.392
-413198.0 -0.428
-412977.0 -0.454
-412739.0 -0.370
-412507.0 -0.421
-412277.0 -0.429
-412046.0 -0.422
-411817.0 -0.462
-411605.0 -0.495
-411402.0 -0.594
-411194.0 -0.556
-410986.0 -0.570
-410778.0 -0.606
-410577.0 -0.570
-410374.0 -0.606
-410174.0 -0.586
-409980.0 -0.598
-409781.0 -0.622
-409588.0 -0.632
-409402.0 -0.681
-409217.0 -0.622
-409028.0 -0.692
-408849.0 -0.675
-408669.0 -0.636
-408483.0 -0.628
-408292.0 -0.660
-408105.0 -0.686
-407922.0 -0.760
-407746.0 -0.728
-407567.0 -0.670
-407384.0 -0.794
-407215.0 -0.689
-407031.0 -0.794
-406860.0 -0.830
-406690.0 -0.701
-406508.0 -0.726
-406330.0 -0.631
-406142.0 -0.694
-405962.0 -0.766
-405790.0 -0.757
-405617.0 -0.733
-405441.0 -0.722
-405264.0 -0.597
-405080.0 -0.694
-404900.0 -0.629
-404714.0 -0.644
-404529.0 -0.676
-404348.0 -0.722
-404171.0 -0.609
-403984.0 -0.647
-403803.0 -0.691
-403624.0 -0.663
-403444.0 -0.701
-403267.0 -0.679
-403088.0 -0.753
-402917.0 -0.691
-402741.0 -0.682
-402563.0 -0.631
-402380.0 -0.586
-402192.0 -0.688
-402015.0 -0.600
-401830.0 -0.598
-401644.0 -0.607
-401460.0 -0.606
-401276.0 -0.629
-401094.0 -0.512
-400901.0 -0.489
-400704.0 -0.537
-400514.0 -0.603
-400332.0 -0.538
-400143.0 -0.470
-399946.0 -0.442
-399746.0 -0.425
-399543.0 -0.413
-399340.0 -0.357
-399131.0 -0.462
-398935.0 -0.420
-398735.0 -0.437
-398537.0 -0.284
-398319.0 -0.229
-398095.0 -0.335
-397885.0 -0.338
-397677.0 -0.410
-397477.0 -0.326
-397267.0 -0.331
-397058.0 -0.301
-396846.0 -0.309
-396635.0 -0.231
-396413.0 -0.228
-396192.0 -0.187
-395965.0 -0.175
-395737.0 -0.116
-395501.0 -0.223
-395281.0 -0.203
-395057.0 -0.059
-394815.0 -0.029
-394568.0 -0.073
-394328.0 -0.010
-394079.0 -0.019
-393832.0 0.016
-393580.0 0.041
-393325.0 0.121
-393057.0 0.122
-392790.0 0.172
-392515.0 0.225
-392231.0 0.259
-391942.0 0.316
-391644.0 0.323
-391345.0 0.362
-391040.0 0.328
-390743.0 0.320
-390448.0 0.419
-390135.0 0.512
-389805.0 0.485
-389481.0 0.585
-389137.0 0.617
-388788.0 0.494
-388467.0 0.513
-388144.0 0.422
-387839.0 0.419
-387537.0 0.329
-387253.0 0.303
-386977.0 0.203
-386716.0 0.025
-386469.0 0.116
-386207.0 0.268
-385943.0 0.266
-385673.0 0.357
-385389.0 0.350
-385107.0 0.273
-384839.0 0.394
-384549.0 0.422
-384256.0 0.460
-383956.0 0.523
-383645.0 0.495
-383342.0 0.510
-383036.0 0.381
-382754.0 0.403
-382468.0 0.390
-382178.0 0.297
-381912.0 0.185
-381644.0 0.309
-381380.0 0.282
-381118.0 0.356
-380846.0 0.370
-380571.0 0.409
-380291.0 0.363
-380019.0 0.354
-379748.0 0.432
-379465.0 0.479
-379174.0 0.487
-378883.0 0.504
-378588.0 0.566
-378283.0 0.639
-377965.0 0.544
-377670.0 0.588
-377364.0 0.582
-377062.0 0.613
-376753.0 0.582
-376450.0 0.663
-376132.0 0.694
-375809.0 0.700
-375486.0 0.728
-375158.0 0.758
-374825.0 0.776
-374489.0 0.800
-374151.0 0.641
-373845.0 0.586
-373551.0 0.538
-373266.0 0.500
-372989.0 0.429
-372725.0 0.362
-372472.0 0.470
-372202.0 0.531
-371921.0 0.579
-371633.0 0.572
-371345.0 0.582
-371057.0 0.586
-370768.0 0.539
-370488.0 0.670
-370184.0 0.667
-369881.0 0.628
-369586.0 0.714
-369275.0 0.720
-368963.0 0.782
-368640.0 0.851
-368303.0 0.756
-367993.0 0.717
-367688.0 0.622
-367388.0 0.688
-367084.0 0.735
-366774.0 0.779
-366456.0 0.729
-366147.0 0.742
-365836.0 0.747
-365526.0 0.695
-365224.0 0.714
-364919.0 0.836
-364592.0 0.829
-364264.0 0.729
-363958.0 0.691
-363660.0 0.742
-363354.0 0.678
-363060.0 0.525
-362766.0 0.672
-362473.0 0.847
-362150.0 0.751
-361835.0 0.720
-361534.0 0.792
-361223.0 0.866
-360892.0 0.763
-360585.0 0.917
-360248.0 0.785
-359931.0 0.897
-359599.0 0.785
-359281.0 0.911
-358947.0 0.885
-358614.0 0.869
-358282.0 0.926
-357935.0 0.954
-357598.0 0.947
-357259.0 0.911
-356927.0 0.923
-356594.0 0.892
-356268.0 0.885
-355944.0 0.936
-355609.0 0.936
-355274.0 0.955
-354935.0 0.925
-354600.0 0.894
-354272.0 0.830
-353958.0 0.742
-353670.0 0.800
-353379.0 0.720
-353090.0 0.748
-352794.0 0.754
-352494.0 0.804
-352195.0 0.788
-351895.0 0.767
-351600.0 0.789
-351300.0 0.792
-351000.0 0.783
-350702.0 0.751
-350410.0 0.823
-350106.0 0.714
-349821.0 0.703
-349540.0 0.691
-349260.0 0.769
-348969.0 0.591
-348707.0 0.808
-348408.0 0.898
-348090.0 0.917
-347769.0 0.829
-347466.0 0.726
-347181.0 0.880
-346868.0 0.876
-346557.0 0.810
-346257.0 0.938
-345934.0 0.872
-345623.0 0.851
-345317.0 0.910
-345001.0 0.886
-344688.0 0.932
-344368.0 0.933
-344041.0 0.900
-343728.0 0.960
-343404.0 0.857
-343098.0 0.976
-342761.0 0.952
-342448.0 1.000
-342103.0 0.988
-341774.0 0.954
-341454.0 1.000
-341121.0 0.982
-340798.0 0.866
-340500.0 0.766
-340220.0 0.676
-339949.0 0.656
-339690.0 0.595
-339435.0 0.545
-339190.0 0.507
-338953.0 0.441
-338724.0 0.467
-338492.0 0.378
-338274.0 0.309
-338064.0 0.238
-337864.0 0.218
-337667.0 0.147
-337478.0 0.097
-337296.0 0.098
-337117.0 0.041
-336937.0 0.065
-336762.0 0.022
-336591.0 -0.049
-336426.0 -0.053
-336260.0 -0.085
-336098.0 -0.150
-335947.0 -0.228
-335798.0 -0.270
-335655.0 -0.276
-335514.0 -0.357
-335376.0 -0.485
-335250.0 -0.445
-335120.0 -0.537
-335000.0 -0.567
-334880.0 -0.604
-334763.0 -0.603
-334642.0 -0.667
-334528.0 -0.781
-334422.0 -0.789
-334316.0 -0.763
-334207.0 -0.822
-334103.0 -0.794
-334000.0 -0.900
-333902.0 -0.911
-333803.0 -0.810
-333697.0 -0.794
-333590.0 -0.860
-333485.0 -0.842
-333379.0 -0.858
-333277.0 -0.919
-333179.0 -0.879
-333079.0 -0.836
-332976.0 -0.836
-332872.0 -0.741
-332762.0 -0.739
-332653.0 -0.848
-332549.0 -0.775
-332442.0 -0.708
-332330.0 -0.663
-332217.0 -0.636
-332097.0 -0.631
-331979.0 -0.497
-331849.0 -0.517
-331725.0 -0.519
-331599.0 -0.406
-331461.0 -0.375
-331322.0 -0.350
-331179.0 -0.353
-331036.0 -0.317
-330890.0 -0.419
-330753.0 -0.415
-330616.0 -0.472
-330482.0 -0.390
-330343.0 -0.510
-330213.0 -0.509
-330083.0 -0.503
-329952.0 -0.481
-329820.0 -0.437
-329684.0 -0.439
-329551.0 -0.482
-329415.0 -0.382
-329275.0 -0.484
-329141.0 -0.397
-329001.0 -0.428
-328864.0 -0.514
-328733.0 -0.531
-328604.0 -0.567
-328477.0 -0.567
-328351.0 -0.464
-328217.0 -0.485
-328083.0 -0.470
-327949.0 -0.484
-327818.0 -0.451
-327685.0 -0.542
-327560.0 -0.520
-327432.0 -0.428
-327298.0 -0.435
-327161.0 -0.425
-327025.0 -0.470
-326887.0 -0.391
-326750.0 -0.431
-326617.0 -0.457
-326480.0 -0.451
-326341.0 -0.413
-326203.0 -0.451
-326067.0 -0.450
-325938.0 -0.560
-325802.0 -0.473
-325668.0 -0.492
-325529.0 -0.432
-325385.0 -0.287
-325242.0 -0.395
-325096.0 -0.356
-324948.0 -0.332
-324800.0 -0.344
-324648.0 -0.285
-324500.0 -0.334
-324356.0 -0.379
-324212.0 -0.387
-324063.0 -0.317
-323907.0 -0.244
-323755.0 -0.304
-323592.0 -0.162
-323437.0 -0.256
-323279.0 -0.231
-323119.0 -0.201
-322958.0 -0.190
-322787.0 -0.091
-322621.0 -0.144
-322458.0 -0.169
-322287.0 -0.085
-322115.0 -0.084
-321939.0 -0.038
-321760.0 -0.009
-321581.0 -0.019
-321396.0 0.059
-321222.0 -0.062
-321033.0 0.085
-320846.0 0.071
-320657.0 0.094
-320462.0 0.131
-320254.0 0.256
-320053.0 0.193
-319848.0 0.225
-319637.0 0.281
-319426.0 0.287
-319216.0 0.275
-319006.0 0.281
-318794.0 0.304
-318568.0 0.412
-318359.0 0.281
-318156.0 0.253
-317964.0 0.162
-317777.0 0.116
-317586.0 0.169
-317398.0 0.138
-317209.0 0.157
-317025.0 0.103
-316844.0 0.091
-316666.0 0.066
-316488.0 0.072
-316317.0 0.028
-316166.0 -0.181
-316011.0 -0.131
-315849.0 -0.066
-315679.0 0.015
-315512.0 -0.032
-315322.0 0.197
-315136.0 0.165
-314968.0 0.000
-314796.0 0.050
-314616.0 0.107
-314430.0 0.172
-314252.0 0.106
-314070.0 0.141
-313883.0 0.191
-313710.0 0.051
-313523.0 0.206
-313342.0 0.137
-313146.0 0.279
-312956.0 0.225
-312765.0 0.228
-312558.0 0.384
-312356.0 0.332
-312160.0 0.284
-311954.0 0.384
-311755.0 0.356
-311542.0 0.416
-311337.0 0.442
-311133.0 0.428
-310931.0 0.395
-310725.0 0.398
-310506.0 0.510
-310297.0 0.426
-310082.0 0.481
-309873.0 0.432
-309649.0 0.567
-309434.0 0.491
-309223.0 0.470
-309017.0 0.416
-308805.0 0.479
-308588.0 0.532
-308382.0 0.445
-308167.0 0.517
-307945.0 0.570
-307720.0 0.597
-307491.0 0.631
-307269.0 0.660
-307031.0 0.748
-306807.0 0.611
-306604.0 0.485
-306410.0 0.376
-306211.0 0.437
-306014.0 0.409
-305817.0 0.429
-305633.0 0.304
-305456.0 0.257
-305284.0 0.213
-305100.0 0.319
-304906.0 0.407
-304716.0 0.345
-304524.0 0.397
-304329.0 0.425
-304148.0 0.382
-303954.0 0.429
-303763.0 0.328
-303562.0 0.488
-303369.0 0.404
-303170.0 0.467
-302963.0 0.532
-302751.0 0.572
-302542.0 0.548
-302339.0 0.506
-302116.0 0.663
-301891.0 0.672
-301668.0 0.670
-301451.0 0.763
-301227.0 0.682
-301015.0 0.598
-300808.0 0.560
-300609.0 0.504
-300424.0 0.354
-300232.0 0.451
-300035.0 0.495
-299836.0 0.513
-299626.0 0.598
-299415.0 0.607
-299209.0 0.569
-299001.0 0.594
-298790.0 0.614
-298576.0 0.697
-298356.0 0.684
-298128.0 0.750
-297896.0 0.781
-297695.0 0.713
-297480.0 0.813
-297258.0 0.717
-297040.0 0.669
-296831.0 0.654
-296630.0 0.569
-296436.0 0.495
-296249.0 0.464
-296072.0 0.357
-295876.0 0.539
-295670.0 0.614
-295454.0 0.691
-295243.0 0.694
-295018.0 0.753
-294792.0 0.819
-294568.0 0.754
-294346.0 0.739
-294146.0 0.573
-293933.0 0.682
-293711.0 0.747
-293486.0 0.773
-293281.0 0.701
-293073.0 0.659
-292879.0 0.535
-292680.0 0.575
-292485.0 0.557
-292283.0 0.617
-292090.0 0.539
-291906.0 0.473
-291727.0 0.428
-291541.0 0.578
-291358.0 0.475
-291181.0 0.413
-291018.0 0.385
-290857.0 0.363
-290698.0 0.279
-290534.0 0.304
-290374.0 0.269
-290220.0 0.197
-290067.0 0.195
-289918.0 0.231
-289762.0 0.266
-289599.0 0.366
-289432.0 0.363
-289264.0 0.369
-289102.0 0.398
-288928.0 0.376
-288767.0 0.334
-288596.0 0.390
-288426.0 0.337
-288267.0 0.367
-288111.0 0.322
-287948.0 0.304
-287781.0 0.370
-287613.0 0.353
-287444.0 0.366
-287268.0 0.419
-287094.0 0.450
-286927.0 0.353
-286750.0 0.457
-286580.0 0.407
-286413.0 0.367
-286241.0 0.403
-286070.0 0.392
-285890.0 0.481
-285713.0 0.419
-285535.0 0.448
-285361.0 0.409
-285168.0 0.604
-284989.0 0.472
-284809.0 0.472
-284628.0 0.489
-284450.0 0.464
-284271.0 0.469
-284088.0 0.510
-283902.0 0.545
-283723.0 0.466
-283543.0 0.492
-283360.0 0.512
-283178.0 0.507
-282990.0 0.560
-282804.0 0.541
-282612.0 0.595
-282423.0 0.572
-282228.0 0.623
-282033.0 0.622
-281841.0 0.645
-281633.0 0.717
-281419.0 0.782
-281222.0 0.689
-281032.0 0.625
-280831.0 0.679
-280639.0 0.606
-280467.0 0.451
-280278.0 0.592
-280083.0 0.634
-279878.0 0.710
-279660.0 0.814
-279440.0 0.826
-279212.0 0.892
-278993.0 0.816
-278778.0 0.792
-278535.0 1.000
-278310.0 0.869
-278089.0 0.847
-277879.0 0.772
-277668.0 0.773
-277448.0 0.841
-277205.0 1.000
-276971.0 0.948
-276748.0 0.864
-276514.0 0.954
-276289.0 0.894
-276073.0 0.832
-275861.0 0.792
-275644.0 0.850
-275410.0 0.958
-275179.0 0.948
-274955.0 0.894
-274724.0 0.951
-274501.0 0.891
-274268.0 0.963
-274035.0 0.972
-273803.0 0.963
-273569.0 0.980
-273338.0 0.952
-273102.0 1.000
-272866.0 1.000
-272635.0 0.964
-272397.0 1.000
-272164.0 0.989
-271928.0 1.000
-271693.0 1.000
-271463.0 0.969
-271232.0 0.979
-270994.0 1.000
-270768.0 0.952
-270553.0 0.869
-270337.0 0.888
-270107.0 0.992
-269891.0 0.883
-269663.0 0.975
-269439.0 0.948
-269222.0 0.904
-269000.0 0.938
-268785.0 0.889
-268571.0 0.888
-268359.0 0.875
-268147.0 0.880
-267939.0 0.850
-267718.0 0.944
-267500.0 0.922
-267285.0 0.908
-267077.0 0.839
-266880.0 0.711
-266675.0 0.794
-266459.0 0.830
-266240.0 0.851
-266036.0 0.781
-265834.0 0.773
-265643.0 0.741
-265457.0 0.697
-265266.0 0.738
-265077.0 0.728
-264889.0 0.719
-264712.0 0.620
-264531.0 0.659
-264345.0 0.707
-264168.0 0.636
-263994.0 0.594
-263817.0 0.647
-263649.0 0.539
-263483.0 0.538
-263315.0 0.544
-263134.0 0.667
-262939.0 0.795
-262758.0 0.661
-262565.0 0.788
-262376.0 0.739
-262190.0 0.722
-261995.0 0.789
-261792.0 0.860
-261597.0 0.801
-261411.0 0.729
-261231.0 0.663
-261049.0 0.704
-260874.0 0.614
-260679.0 0.817
-260483.0 0.803
-260281.0 0.870
-260085.0 0.807
-259898.0 0.713
-259716.0 0.701
-259532.0 0.714
-259331.0 0.864
-259145.0 0.736
-258965.0 0.691
-258781.0 0.725
-258610.0 0.617
-258448.0 0.517
-258278.0 0.601
-258105.0 0.635
-257926.0 0.686
-257750.0 0.659
-257568.0 0.704
-257375.0 0.828
-257199.0 0.651
-257020.0 0.685
-256833.0 0.761
-256658.0 0.660
-256480.0 0.679
-256298.0 0.763
-256110.0 0.766
-255917.0 0.807
-255719.0 0.944
-255531.0 0.767
-255341.0 0.791
-255152.0 0.786
-254969.0 0.731
-254781.0 0.775
-254586.0 0.838
-254395.0 0.807
-254217.0 0.686
-254035.0 0.732
-253852.0 0.742
-253665.0 0.761
-253468.0 0.864
-253269.0 0.879
-253079.0 0.792
-252883.0 0.857
-252699.0 0.750
-252503.0 0.857
-252310.0 0.826
-252115.0 0.850
-251915.0 0.892
-251719.0 0.851
-251534.0 0.741
-251358.0 0.695
-251182.0 0.728
-251002.0 0.729
-250822.0 0.733
-250637.0 0.779
-250456.0 0.773
-250278.0 0.704
-250092.0 0.798
-249915.0 0.708
-249736.0 0.725
-249566.0 0.648
-249396.0 0.654
-249235.0 0.561
-249075.0 0.553
-248911.0 0.610
-248755.0 0.510
-248602.0 0.492
-248443.0 0.557
-248293.0 0.456
-248142.0 0.464
-247992.0 0.466
-247832.0 0.600
-247677.0 0.513
-247522.0 0.444
-247366.0 0.516
-247198.0 0.694
-247031.0 0.632
-246862.0 0.653
-246688.0 0.744
-246528.0 0.573
-246375.0 0.503
-246225.0 0.467
-246082.0 0.400
-245948.0 0.282
-245808.0 0.378
-245677.0 0.253
-245552.0 0.187
-245420.0 0.293
-245298.0 0.137
-245177.0 0.140
-245059.0 0.104
-244944.0 0.049
-244828.0 0.081
-244718.0 -0.012
-244609.0 -0.013
-244505.0 -0.098
-244398.0 -0.054
-244289.0 -0.026
-244187.0 -0.123
-244089.0 -0.184
-243999.0 -0.315
-243909.0 -0.337
-243821.0 -0.350
-243735.0 -0.398
-243653.0 -0.495
-243574.0 -0.542
-243495.0 -0.513
-243414.0 -0.516
-243333.0 -0.420
-243250.0 -0.460
-243169.0 -0.476
-243090.0 -0.535
-243014.0 -0.598
-242940.0 -0.634
-242867.0 -0.691
-242789.0 -0.526
-242715.0 -0.645
-242642.0 -0.648
-242568.0 -0.638
-242496.0 -0.670
-242425.0 -0.723
-242355.0 -0.707
-242286.0 -0.766
-242214.0 -0.692
-242141.0 -0.656
-242072.0 -0.769
-241999.0 -0.659
-241928.0 -0.691
-241858.0 -0.744
-241787.0 -0.729
-241711.0 -0.620
-241628.0 -0.442
-241547.0 -0.539
-241461.0 -0.381
-241378.0 -0.519
-241293.0 -0.423
-241207.0 -0.423
-241120.0 -0.410
-241031.0 -0.366
-240937.0 -0.285
-240844.0 -0.291
-240752.0 -0.329
-240655.0 -0.248
-240555.0 -0.188
-240457.0 -0.212
-240360.0 -0.262
-240262.0 -0.220
-240163.0 -0.222
-240061.0 -0.134
-239961.0 -0.203
-239866.0 -0.284
-239769.0 -0.093
-239663.0 -0.035
-239553.0 0.018
-239439.0 -0.016
-239328.0 -0.160
-239225.0 -0.018
-239111.0 -0.013
-239000.0 -0.125
-238896.0 -0.106
-238789.0 -0.135
-238685.0 0.000
-238574.0 -0.094
-238463.0 -0.025
-238352.0 -0.060
-238235.0 0.060
-238122.0 -0.007
-238013.0 -0.072
-237904.0 -0.075
-237790.0 0.013
-237673.0 0.035
-237556.0 0.057
-237445.0 -0.054
-237332.0 -0.010
-237217.0 -0.016
-237098.0 0.084
-236981.0 0.044
-236868.0 -0.013
-236752.0 0.049
-236642.0 -0.057
-236525.0 0.051
-236409.0 0.016
-236290.0 0.093
-236178.0 -0.062
-236061.0 0.034
-235940.0 0.119
-235814.0 0.162
-235685.0 0.213
-235563.0 0.110
-235439.0 0.148
-235316.0 0.137
-235193.0 0.135
-235065.0 0.203
-234942.0 0.132
-234805.0 0.310
-234668.0 0.298
-234528.0 0.351
-234388.0 0.345
-234247.0 0.356
-234109.0 0.337
-233971.0 0.317
-233831.0 0.359
-233691.0 0.382
-233551.0 0.332
-233401.0 0.487
-233251.0 0.463
-233097.0 0.519
-232945.0 0.482
-232791.0 0.528
-232636.0 0.525
-232483.0 0.516
-232328.0 0.538
-232182.0 0.438
-232026.0 0.510
-231874.0 0.514
-231714.0 0.594
-231552.0 0.613
-231388.0 0.642
-231220.0 0.676
-231047.0 0.729
-230872.0 0.708
-230698.0 0.748
-230522.0 0.767
-230347.0 0.763
-230189.0 0.592
-230032.0 0.589
-229872.0 0.650
-229736.0 0.351
-229585.0 0.554
-229438.0 0.495
-229272.0 0.695
-229102.0 0.736
-228923.0 0.826
-228743.0 0.830
-228560.0 0.857
-228380.0 0.835
-228199.0 0.854
-228026.0 0.783
-227862.0 0.692
-227692.0 0.775
-227526.0 0.745
-227363.0 0.714
-227211.0 0.578
-227060.0 0.585
-226918.0 0.482
-226774.0 0.550
-226628.0 0.592
-226489.0 0.478
-226342.0 0.534
-226215.0 0.301
-226085.0 0.395
-225944.0 0.517
-225799.0 0.567
-225649.0 0.609
-225499.0 0.591
-225331.0 0.803
-225165.0 0.773
-225003.0 0.729
-224838.0 0.810
-224669.0 0.806
-224501.0 0.819
-224325.0 0.891
-224155.0 0.820
-223977.0 0.904
-223804.0 0.892
-223627.0 0.910
-223460.0 0.807
-223287.0 0.911
-223119.0 0.830
-222947.0 0.914
-222777.0 0.819
-222609.0 0.832
-222441.0 0.838
-222276.0 0.820
-222113.0 0.745
-221963.0 0.663
-221809.0 0.717
-221639.0 0.832
-221469.0 0.922
-221319.0 0.666
-221166.0 0.731
-221019.0 0.656
-220875.0 0.623
-220730.0 0.650
-220589.0 0.591
-220444.0 0.645
-220306.0 0.564
-220170.0 0.564
-220040.0 0.469
-219904.0 0.526
-219771.0 0.512
-219637.0 0.531
-219515.0 0.410
-219394.0 0.379
-219270.0 0.442
-219140.0 0.497
-219022.0 0.362
-218904.0 0.338
-218782.0 0.401
-218660.0 0.391
-218534.0 0.434
-218412.0 0.404
-218292.0 0.367
-218163.0 0.497
-218038.0 0.425
-217927.0 0.254
-217812.0 0.317
-217696.0 0.334
-217580.0 0.348
-217475.0 0.147
-217367.0 0.220
-217255.0 0.287
-217147.0 0.220
-217038.0 0.237
-216930.0 0.226
-216828.0 0.179
-216725.0 0.179
-216627.0 0.066
-216531.0 0.041
-216434.0 0.057
-216338.0 0.047
-216238.0 0.101
-216142.0 0.059
-216049.0 0.000
-215956.0 -0.016
-215866.0 -0.041
-215776.0 0.001
-215687.0 -0.072
-215599.0 -0.037
-215514.0 -0.153
-215428.0 -0.118
-215342.0 -0.126
-215258.0 -0.107
-215176.0 -0.195
-215093.0 -0.163
-215011.0 -0.220
-214924.0 -0.037
-214843.0 -0.163
-214756.0 -0.098
-214667.0 -0.085
-214580.0 -0.076
-214491.0 -0.101
-214401.0 -0.060
-214308.0 0.013
-214219.0 -0.094
-214127.0 0.000
-214036.0 0.025
-213949.0 -0.109
-213864.0 -0.160
-213775.0 -0.076
-213678.0 0.076
-213583.0 0.029
-213491.0 0.037
-213403.0 -0.084
-213314.0 -0.079
-213223.0 -0.018
-213136.0 -0.135
-213048.0 -0.090
-212957.0 -0.029
-212868.0 -0.073
-212779.0 -0.075
-212692.0 -0.101
-212603.0 -0.034
-212509.0 0.013
-212415.0 0.018
-212324.0 -0.053
-212229.0 0.037
-212143.0 -0.147
-212055.0 -0.072
-211967.0 -0.112
-211878.0 -0.069
-211786.0 -0.024
-211701.0 -0.072
-211616.0 -0.003
-211527.0 -0.066
-211438.0 -0.065
-211354.0 -0.163
-211270.0 -0.210
-211180.0 -0.025
-211092.0 -0.109
-211010.0 -0.204
-210927.0 -0.203
-210838.0 -0.072
-210746.0 -0.010
-210658.0 -0.103
-210572.0 -0.043
-210488.0 -0.178
-210404.0 -0.181
-210319.0 -0.140
-210234.0 -0.163
-210157.0 -0.332
-210076.0 -0.097
-209991.0 -0.148
-209904.0 -0.107
-209818.0 -0.169
-209728.0 -0.038
-209642.0 -0.153
-209550.0 -0.016
-209464.0 -0.162
-209374.0 -0.046
-209280.0 0.004
-209192.0 -0.103
-209100.0 -0.026
-209013.0 -0.122
-208926.0 -0.126
-208834.0 -0.018
-208743.0 -0.038
-208655.0 -0.119
-208566.0 -0.081
-208471.0 0.035
-208376.0 0.016
-208281.0 0.018
-208190.0 -0.046
-208097.0 -0.013
-208004.0 -0.022
-207908.0 0.054
-207815.0 -0.031
-207724.0 -0.016
-207634.0 -0.006
-207537.0 0.071
-207441.0 0.038
-207341.0 0.113
-207242.0 0.085
-207144.0 0.065
-207048.0 0.057
-206949.0 0.071
-206845.0 0.187
-206749.0 0.037
-206649.0 0.107
-206552.0 0.082
-206458.0 -0.041
-206364.0 0.015
-206266.0 0.075
-206166.0 0.109
-206065.0 0.116
-205963.0 0.151
-205862.0 0.134
-205764.0 0.076
-205665.0 0.073
-205562.0 0.204
-205465.0 0.025
-205365.0 0.132
-205264.0 0.132
-205164.0 0.125
-205061.0 0.137
-204961.0 0.119
-204854.0 0.216
-204743.0 0.300
-204637.0 0.210
-204537.0 0.123
-204428.0 0.223
-204319.0 0.270
-204211.0 0.234
-204097.0 0.335
-203980.0 0.356
-203871.0 0.251
-203761.0 0.291
-203647.0 0.341
-203534.0 0.329
-203426.0 0.237
-203310.0 0.388
-203201.0 0.253
-203089.0 0.325
-202975.0 0.357
-202864.0 0.319
-202762.0 0.159
-202656.0 0.241
-202549.0 0.269
-202447.0 0.175
-202350.0 0.109
-202249.0 0.175
-202147.0 0.176
-202045.0 0.203
-201950.0 0.062
-201854.0 0.106
-201760.0 0.065
-201667.0 0.065
-201577.0 0.000
-201493.0 -0.121
-201409.0 -0.106
-201324.0 -0.059
-201233.0 0.001
-201138.0 0.098
-201056.0 -0.159
-200969.0 -0.031
-200881.0 -0.035
-200795.0 -0.054
-200708.0 -0.043
-200624.0 -0.113
-200537.0 -0.013
-200448.0 -0.004
-200358.0 -0.010
-200268.0 0.019
-200179.0 0.007
-200096.0 -0.125
-200010.0 -0.031
-199926.0 -0.084
-199843.0 -0.113
-199762.0 -0.166
-199673.0 0.026
-199583.0 0.021
-199497.0 -0.032
-199410.0 -0.049
-199323.0 -0.006
-199238.0 -0.068
-199151.0 -0.018
-199065.0 -0.037
-198979.0 -0.046
-198891.0 0.001
-198800.0 0.053
-198715.0 -0.031
-198636.0 -0.101
-198554.0 -0.116
-198465.0 0.035
-198376.0 0.012
-198282.0 0.163
-198193.0 0.015
-198108.0 -0.050
-198019.0 0.025
-197929.0 0.053
-197838.0 0.062
-197745.0 0.088
-197656.0 0.038
-197569.0 0.073
-197474.0 0.157
-197377.0 0.157
-197282.0 0.137
-197189.0 0.103
-197092.0 0.173
-196993.0 0.201
-196893.0 0.215
-196792.0 0.250
-196686.0 0.307
-196579.0 0.340
-196483.0 0.278
-196378.0 0.353
-196275.0 0.303
-196168.0 0.362
-196068.0 0.191
-195961.0 0.357
-195853.0 0.354
-195743.0 0.390
-195642.0 0.290
-195545.0 0.419
-195434.0 0.375
-195324.0 0.376
-195213.0 0.419
-195105.0 0.350
-194994.0 0.417
-194870.0 0.598
-194754.0 0.466
-194636.0 0.512
-194515.0 0.545
-194395.0 0.544
-194269.0 0.631
-194149.0 0.507
-194019.0 0.700
-193897.0 0.547
-193770.0 0.660
-193646.0 0.634
-193521.0 0.625
-193396.0 0.603
-193264.0 0.731
-193140.0 0.600
-193029.0 0.431
-192913.0 0.517
-192795.0 0.539
-192672.0 0.609
-192556.0 0.509
-192435.0 0.589
-192332.0 0.334
-192231.0 0.319
-192127.0 0.359
-192026.0 0.331
-191917.0 0.476
-191806.0 0.438
-191682.0 0.651
-191564.0 0.556
-191440.0 0.648
-191316.0 0.623
-191188.0 0.701
-191061.0 0.688
-190936.0 0.657
-190799.0 0.817
-190672.0 0.673
-190536.0 0.810
-190400.0 0.807
-190276.0 0.664
-190155.0 0.619
-190039.0 0.560
-189911.0 0.725
-189791.0 0.611
-189674.0 0.589
-189558.0 0.554
-189439.0 0.622
-189320.0 0.622
-189207.0 0.531
-189095.0 0.531
-188989.0 0.434
-188872.0 0.606
-188757.0 0.544
-188644.0 0.532
-188528.0 0.600
-188422.0 0.451
-188314.0 0.462
-188207.0 0.469
-188102.0 0.469
-188009.0 0.225
-187916.0 0.268
-187826.0 0.204
-187732.0 0.276
-187633.0 0.370
-187532.0 0.381
-187425.0 0.489
-187320.0 0.459
-187214.0 0.447
-187099.0 0.607
-186984.0 0.607
-186867.0 0.625
-186748.0 0.666
-186634.0 0.584
-186512.0 0.710
-186398.0 0.763
-186273.0 0.757
-186145.0 0.775
-186017.0 0.785
-185888.0 0.792
-185755.0 0.858
-185622.0 0.841
-185487.0 0.869
-185353.0 0.882
-185229.0 0.736
-185101.0 0.789
-184968.0 0.860
-184831.0 0.905
-184688.0 0.977
-184554.0 0.872
-184416.0 0.929
-184276.0 0.961
-184143.0 0.860
-184009.0 0.889
-183877.0 0.854
-183740.0 0.932
-183598.0 0.985
-183461.0 0.994
-183332.0 0.855
-183195.0 0.989
-183062.0 0.922
-182929.0 0.932
-182798.0 0.917
-182663.0 0.932
-182534.0 0.869
-182408.0 0.883
-182269.0 0.811
-182133.0 0.939
-182001.0 0.991
-181868.0 0.889
-181729.0 0.964
-181603.0 0.967
-181484.0 0.855
-181351.0 0.925
-181215.0 0.955
-181086.0 0.851
-180956.0 0.880
-180829.0 0.823
-180698.0 0.958
-180566.0 0.908
-180435.0 0.897
-180309.0 0.847
-180191.0 0.731
-180063.0 0.866
-179934.0 0.948
-179819.0 0.681
-179694.0 0.838
-179562.0 0.894
-179432.0 0.930
-179308.0 0.832
-179182.0 0.908
-179060.0 0.813
-178944.0 0.729
-178832.0 0.669
-178722.0 0.650
-178613.0 0.661
-178511.0 0.504
-178404.0 0.616
-178298.0 0.594
-178195.0 0.561
-178095.0 0.492
-177994.0 0.513
-177899.0 0.426
-177801.0 0.472
-177701.0 0.491
-177584.0 0.798
-177478.0 0.604
-177375.0 0.626
-177268.0 0.638
-177165.0 0.563
-177065.0 0.457
-176958.0 0.631
-176848.0 0.653
-176728.0 0.825
-176610.0 0.850
-176487.0 0.850
-176357.0 0.936
-176229.0 0.908
-176103.0 0.886
-175976.0 0.897
-175842.0 0.989
-175712.0 0.936
-175582.0 0.939
-175461.0 0.830
-175343.0 0.801
-175228.0 0.753
-175113.0 0.729
-174991.0 0.869
-174874.0 0.789
-174761.0 0.716
-174643.0 0.806
-174528.0 0.744
-174410.0 0.864
-174291.0 0.781
-174171.0 0.826
-174053.0 0.807
-173933.0 0.819
-173811.0 0.855
-173685.0 0.911
-173565.0 0.835
-173443.0 0.833
-173329.0 0.751
-173210.0 0.829
-173097.0 0.720
-172976.0 0.876
-172861.0 0.756
-172749.0 0.729
-172632.0 0.619
-172520.0 0.728
-172415.0 0.626
-172308.0 0.676
-172208.0 0.529
-172106.0 0.614
-172009.0 0.491
-171912.0 0.503
-171810.0 0.609
-171712.0 0.519
-171610.0 0.595
-171505.0 0.657
-171395.0 0.720
-171275.0 0.850
-171157.0 0.828
-171036.0 0.891
-170916.0 0.873
-170799.0 0.835
-170682.0 0.826
-170569.0 0.848
-170457.0 0.826
-170343.0 0.854
-170226.0 0.828
-170109.0 0.795
-169996.0 0.757
-169881.0 0.813
-169778.0 0.601
-169675.0 0.609
-169565.0 0.741
-169453.0 0.754
-169343.0 0.739
-169239.0 0.631
-169139.0 0.586
-169038.0 0.600
-168937.0 0.582
-168830.0 0.792
-168719.0 0.829
-168616.0 0.614
-168516.0 0.582
-168413.0 0.675
-168309.0 0.626
-168213.0 0.489
-168117.0 0.523
-168015.0 0.631
-167915.0 0.561
-167809.0 0.685
-167700.0 0.722
-167586.0 0.801
-167482.0 0.659
-167380.0 0.711
-167271.0 0.744
-167161.0 0.741
-167050.0 0.751
-166941.0 0.717
-166824.0 0.938
-166706.0 0.858
-166585.0 0.897
-166474.0 0.754
-166358.0 0.830
-166245.0 0.888
-166119.0 0.967
-166003.0 0.808
-165887.0 0.836
-165768.0 0.866
-165646.0 0.916
-165530.0 0.836
-165417.0 0.775
-165297.0 0.903
-165177.0 0.944
-165051.0 0.983
-164934.0 0.845
-164814.0 0.888
-164692.0 0.919
-164572.0 0.900
-164453.0 0.864
-164328.0 0.973
-164198.0 1.000
-164074.0 0.945
-163953.0 0.997
-163835.0 0.867
-163730.0 0.679
-163623.0 0.720
-163506.0 0.885
-163393.0 0.894
-163289.0 0.679
-163182.0 0.728
-163080.0 0.650
-162979.0 0.644
-162877.0 0.657
-162775.0 0.636
-162672.0 0.782
-162570.0 0.708
-162476.0 0.539
-162375.0 0.648
-162278.0 0.545
-162178.0 0.584
-162077.0 0.572
-161974.0 0.606
-161877.0 0.622
-161764.0 0.741
-161663.0 0.651
-161558.0 0.697
-161443.0 0.828
-161330.0 0.936
-161210.0 0.961
-161097.0 0.808
-160981.0 0.842
-160868.0 0.823
-160756.0 0.811
-160644.0 0.833
-160539.0 0.745
-160432.0 0.745
-160323.0 0.764
-160209.0 0.719
-160106.0 0.731
-160002.0 0.729
-159897.0 0.803
-159796.0 0.747
-159692.0 0.717
-159588.0 0.706
-159490.0 0.651
-159387.0 0.660
-159298.0 0.733
-159200.0 0.641
-159105.0 0.476
-159010.0 0.591
-158911.0 0.523
-158813.0 0.704
-158713.0 0.745
-158607.0 0.797
-158497.0 0.825
-158397.0 0.966
-158293.0 1.000
-158193.0 0.958
-158092.0 0.948
-157972.0 0.961
-157856.0 0.879
-157742.0 0.929
-157627.0 0.869
-157513.0 0.848
-157392.0 0.979
-157267.0 1.000
-157149.0 0.903
-157032.0 0.922
-156915.0 0.947
-156799.0 0.886
-156674.0 1.000
-156554.0 0.950
-156436.0 0.923
-156306.0 1.000
-156174.0 1.000
-156044.0 1.000
-155925.0 0.954
-155810.0 0.900
-155697.0 0.864
-155584.0 0.861
-155464.0 0.992
-155349.0 0.886
-155235.0 0.879
-155117.0 0.945
-154998.0 0.969
-154882.0 0.914
-154762.0 0.960
-154641.0 0.997
-154527.0 0.901
-154415.0 0.872
-154305.0 0.836
-154196.0 0.813
-154078.0 0.955
-153960.0 0.970
-153848.0 0.861
-153741.0 0.804
-153636.0 0.756
-153530.0 0.792
-153423.0 0.795
-153310.0 0.904
-153202.0 0.819
-153096.0 0.791
-152991.0 0.791
-152898.0 0.783
-152791.0 0.829
-152689.0 0.728
-152593.0 0.686
-152493.0 0.720
-152389.0 0.758
-152289.0 0.725
-152186.0 0.751
-152081.0 0.798
-151976.0 0.781
-151872.0 0.773
-151770.0 0.757
-151667.0 0.764
-151565.0 0.750
-151467.0 0.663
-151362.0 0.825
-151263.0 0.685
-151163.0 0.723
-151060.0 0.775
-150958.0 0.758
-150857.0 0.725
-150757.0 0.739
-150658.0 0.707
-150557.0 0.742
-150456.0 0.742
-150360.0 0.667
-150263.0 0.686
-150167.0 0.650
-150072.0 0.656
-149976.0 0.661
-149880.0 0.682
-149784.0 0.650
-149682.0 0.785
-149586.0 0.648
-149483.0 0.788
-149379.0 0.788
-149270.0 0.880
-149164.0 0.822
-149057.0 0.854
-148951.0 0.829
-148849.0 0.757
-148741.0 0.854
-148633.0 0.864
-148527.0 0.830
-148424.0 0.800
-148327.0 0.684
-148228.0 0.758
-148123.0 0.838
-148024.0 0.713
-147926.0 0.710
-147821.0 0.819
-147710.0 0.926
-147600.0 0.880
-147488.0 0.936
-147376.0 0.923
-147267.0 0.900
-147161.0 0.847
-147060.0 0.741
-146958.0 0.794
-146857.0 0.757
-146753.0 0.857
-146665.0 0.635
-146563.0 0.835
-146459.0 0.804
-146353.0 0.857
-146245.0 0.879
-146141.0 0.822
-146043.0 0.717
-145932.0 0.929
-145816.0 0.998
-145705.0 0.926
-145597.0 0.866
-145485.0 0.954
-145382.0 0.797
-145279.0 0.823
-145173.0 0.841
-145063.0 0.950
-144959.0 0.795
-144854.0 0.848
-144748.0 0.878
-144645.0 0.798
-144538.0 0.878
-144433.0 0.858
-144328.0 0.853
-144229.0 0.756
-144125.0 0.819
-144015.0 0.936
-143903.0 0.969
-143796.0 0.860
-143684.0 0.970
-143578.0 0.883
-143479.0 0.735
-143377.0 0.814
-143266.0 0.961
-143156.0 0.932
-143045.0 0.942
-142941.0 0.842
-142843.0 0.758
-142739.0 0.848
-142636.0 0.830
-142528.0 0.913
-142420.0 0.898
-142307.0 0.998
-142198.0 0.923
-142093.0 0.870
-141993.0 0.782
-141888.0 0.883
-141787.0 0.801
-141686.0 0.808
-141573.0 1.000
-141464.0 0.928
-141359.0 0.864
-141250.0 0.932
-141142.0 0.920
-141030.0 0.980
-140919.0 0.975
-140809.0 0.958
-140701.0 0.907
-140591.0 0.964
-140488.0 0.841
-140384.0 0.878
-140273.0 0.972
-140163.0 0.983
-140060.0 0.810
-139951.0 0.975
-139846.0 0.879
-139735.0 0.976
-139627.0 0.933
-139522.0 0.892
-139417.0 0.888
-139310.0 0.922
-139201.0 1.000
-139093.0 0.947
-138983.0 0.966
-138870.0 1.000
-138763.0 0.923
-138659.0 0.957
-138554.0 0.933
-138454.0 0.798
-138350.0 0.886
-138247.0 0.880
-138147.0 0.817
-138046.0 0.857
-137947.0 0.775
-137847.0 0.836
-137743.0 0.895
-137647.0 0.860
-137547.0 0.775
-137448.0 0.825
-137347.0 0.850
-137253.0 0.729
-137159.0 0.726
-137056.0 0.908
-136953.0 0.876
-136853.0 0.826
-136752.0 0.883
-136656.0 0.848
-136552.0 0.922
-136447.0 0.916
-136345.0 0.879
-136248.0 0.792
-136147.0 0.866
-136055.0 0.719
-135968.0 0.594
-135876.0 0.731
-135779.0 0.810
-135691.0 0.636
-135593.0 0.684
-135497.0 0.779
-135402.0 0.769
-135307.0 0.775
-135213.0 0.758
-135124.0 0.660
-135036.0 0.858
-134949.0 0.644
-134866.0 0.557
-134785.0 0.525
-134703.0 0.560
-134624.0 0.479
-134545.0 0.484
-134466.0 0.498
-134389.0 0.437
-134313.0 0.438
-134236.0 0.457
-134164.0 0.316
-134087.0 0.470
-134014.0 0.394
-133941.0 0.344
-133870.0 0.370
-133803.0 0.171
-133729.0 0.415
-133658.0 0.338
-133588.0 0.291
-133524.0 0.176
-133461.0 0.072
-133397.0 0.157
-133327.0 0.320
-133258.0 0.325
-133195.0 0.104
-133134.0 0.078
-133067.0 0.240
-133000.0 0.272
-132935.0 0.154
-132871.0 0.182
-132809.0 0.113
-132746.0 0.141
-132687.0 0.034
-132624.0 0.113
-132564.0 0.094
-132506.0 -0.054
-132450.0 0.096
-132393.0 -0.032
-132337.0 -0.026
-132282.0 -0.059
-132230.0 -0.172
-132177.0 -0.123
-132123.0 -0.144
-132066.0 0.015
-132008.0 0.051
-131955.0 -0.165
-131901.0 -0.106
-131848.0 -0.109
-131795.0 -0.144
-131742.0 -0.134
-131692.0 -0.207
-131641.0 -0.201
-131592.0 -0.266
-131541.0 -0.195
-131488.0 -0.122
-131442.0 -0.350
-131396.0 -0.334
-131353.0 -0.478
-131308.0 -0.378
-131264.0 -0.439
-131219.0 -0.426
-131173.0 -0.320
-131128.0 -0.419
-131085.0 -0.481
-131041.0 -0.426
-130998.0 -0.435
-130954.0 -0.460
-130910.0 -0.429
-130865.0 -0.341
-130822.0 -0.500
-130780.0 -0.487
-130738.0 -0.514
-130697.0 -0.520
-130655.0 -0.498
-130614.0 -0.564
-130575.0 -0.595
-130537.0 -0.684
-130496.0 -0.535
-130456.0 -0.481
-130417.0 -0.845
-130380.0 -0.609
-130341.0 -0.613
-130305.0 -0.772
-130268.0 -0.751
-130231.0 -0.648
-130194.0 -0.689
-130158.0 -0.782
-130122.0 -0.679
-130083.0 -0.598
-130049.0 -0.866
-130013.0 -0.795
-129977.0 -0.767
-129941.0 -0.707
-129907.0 -0.860
-129873.0 -0.820
-129838.0 -0.797
-129804.0 -0.854
-129770.0 -0.911
-129734.0 -0.723
-129696.0 -0.651
-129661.0 -0.820
-129627.0 -0.863
-129594.0 -0.876
-129560.0 -0.855
-129526.0 -0.847
-129493.0 -0.922
-129459.0 -0.817
-129425.0 -0.873
-129393.0 -1.007
-129358.0 -0.791
-129323.0 -0.806
-129287.0 -0.757
-129256.0 -1.038
-129224.0 -0.922
-129191.0 -0.926
-129158.0 -0.969
-129125.0 -0.826
-129090.0 -0.864
-129058.0 -1.045
-129024.0 -0.905
-128991.0 -0.885
-128956.0 -0.713
-128922.0 -0.938
-128889.0 -0.925
-128855.0 -0.832
-128822.0 -1.030
-128791.0 -1.042
-128759.0 -1.000
-128726.0 -0.858
-128694.0 -0.950
-128662.0 -1.170
-128631.0 -1.079
-128598.0 -0.905
-128567.0 -0.823
-128537.0 -0.932
-128506.0 -1.082
-128474.0 -0.964
-128443.0 -1.060
-128412.0 -1.072
-128380.0 -0.876
-128349.0 -0.967
-128317.0 -0.794
-128284.0 -0.955
-128249.0 -1.072
-128215.0 -0.744
-128182.0 -1.011
-128147.0 -0.847
-128113.0 -0.878
-128079.0 -0.838
-128047.0 -0.951
-128013.0 -0.861
-127979.0 -1.014
-127947.0 -0.998
-127913.0 -0.941
-127879.0 -0.857
-127846.0 -1.009
-127810.0 -0.777
-127773.0 -0.841
-127735.0 -0.891
-127698.0 -0.797
-127660.0 -0.664
-127622.0 -0.797
-127586.0 -0.771
-127548.0 -0.723
-127512.0 -0.853
-127476.0 -0.802
-127437.0 -0.670
-127397.0 -0.642
-127357.0 -0.609
-127319.0 -0.784
-127281.0 -0.748
-127243.0 -0.695
-127203.0 -0.682
-127164.0 -0.644
-127126.0 -0.753
-127090.0 -0.834
-127053.0 -0.774
-127015.0 -0.679
-126978.0 -0.831
-126940.0 -0.736
-126904.0 -0.835
-126866.0 -0.701
-126827.0 -0.679
-126789.0 -0.746
-126749.0 -0.715
-126708.0 -0.585
-126668.0 -0.645
-126626.0 -0.625
-126583.0 -0.535
-126541.0 -0.560
-126494.0 -0.437
-126448.0 -0.414
-126403.0 -0.528
-126359.0 -0.429
-126318.0 -0.667
-126277.0 -0.667
-126233.0 -0.499
-126189.0 -0.489
-126148.0 -0.679
-126106.0 -0.481
-126064.0 -0.699
-126022.0 -0.528
-125978.0 -0.524
-125935.0 -0.569
-125894.0 -0.671
-125848.0 -0.396
-125803.0 -0.452
-125760.0 -0.603
-125717.0 -0.524
-125674.0 -0.585
-125632.0 -0.560
-125589.0 -0.552
-125546.0 -0.532
-125506.0 -0.657
-125465.0 -0.663
-125424.0 -0.611
-125383.0 -0.644
-125339.0 -0.506
-125297.0 -0.576
-125256.0 -0.620
-125215.0 -0.660
-125172.0 -0.552
-125129.0 -0.500
-125088.0 -0.666
-125043.0 -0.484
-125001.0 -0.528
-124960.0 -0.692
-124920.0 -0.595
-124881.0 -0.765
-124841.0 -0.673
-124799.0 -0.616
-124754.0 -0.453
-124711.0 -0.493
-124670.0 -0.677
-124628.0 -0.636
-124585.0 -0.489
-124542.0 -0.591
-124501.0 -0.569
-124462.0 -0.793
-124424.0 -0.674
-124385.0 -0.729
-124345.0 -0.648
-124309.0 -0.901
-124273.0 -0.799
-124235.0 -0.731
-124200.0 -0.917
-124163.0 -0.707
-124124.0 -0.726
-124086.0 -0.733
-124041.0 -0.487
-124000.0 -0.603
-123961.0 -0.727
-123921.0 -0.664
-123882.0 -0.704
-123845.0 -0.822
-123805.0 -0.588
-123765.0 -0.705
-123726.0 -0.702
-123688.0 -0.765
-123649.0 -0.715
-123607.0 -0.556
-123566.0 -0.582
-123527.0 -0.806
-123486.0 -0.582
-123446.0 -0.688
-123405.0 -0.525
-123364.0 -0.739
-123323.0 -0.554
-123281.0 -0.620
-123242.0 -0.712
-123202.0 -0.724
-123160.0 -0.442
-123118.0 -0.705
-123078.0 -0.607
-123038.0 -0.679
-122999.0 -0.671
-122958.0 -0.723
-122918.0 -0.522
-122878.0 -0.708
-122840.0 -0.762
-122801.0 -0.736
-122761.0 -0.607
-122721.0 -0.667
-122681.0 -0.689
-122641.0 -0.667
-122601.0 -0.626
-122560.0 -0.619
-122519.0 -0.657
-122478.0 -0.609
-122435.0 -0.553
-122395.0 -0.685
-122356.0 -0.762
-122316.0 -0.617
-122277.0 -0.704
-122237.0 -0.667
-122195.0 -0.629
-122152.0 -0.546
-122110.0 -0.616
-122068.0 -0.525
-122025.0 -0.585
-121982.0 -0.547
-121937.0 -0.434
-121895.0 -0.579
-121855.0 -0.679
-121814.0 -0.613
-121773.0 -0.588
-121732.0 -0.610
-121693.0 -0.711
-121653.0 -0.692
-121611.0 -0.509
-121570.0 -0.611
-121532.0 -0.787
-121492.0 -0.639
-121453.0 -0.707
-121412.0 -0.592
-121370.0 -0.566
-121328.0 -0.592
-121286.0 -0.568
-121244.0 -0.569
-121203.0 -0.544
-121162.0 -0.730
-121121.0 -0.524
-121078.0 -0.534
-121040.0 -0.731
-120999.0 -0.639
-120958.0 -0.597
-120917.0 -0.573
-120875.0 -0.598
-120833.0 -0.557
-120793.0 -0.636
-120750.0 -0.530
-120707.0 -0.515
-120664.0 -0.553
-120620.0 -0.506
-120576.0 -0.470
-120533.0 -0.511
-120491.0 -0.568
-120448.0 -0.532
-120404.0 -0.481
-120362.0 -0.581
-120320.0 -0.549
-120279.0 -0.591
-120239.0 -0.644
-120195.0 -0.452
-120153.0 -0.655
-120110.0 -0.452
-120067.0 -0.531
-120022.0 -0.489
-119977.0 -0.382
-119931.0 -0.434
-119888.0 -0.531
-119844.0 -0.462
-119801.0 -0.477
-119760.0 -0.674
-119719.0 -0.549
-119675.0 -0.496
-119630.0 -0.407
-119588.0 -0.566
-119544.0 -0.464
-119501.0 -0.554
-119455.0 -0.383
-119408.0 -0.317
-119363.0 -0.493
-119317.0 -0.410
-119272.0 -0.407
-119227.0 -0.471
-119182.0 -0.394
-119136.0 -0.413
-119092.0 -0.455
-119048.0 -0.448
-119005.0 -0.600
-118962.0 -0.389
-118918.0 -0.560
-118874.0 -0.426
-118829.0 -0.408
-118782.0 -0.338
-118738.0 -0.475
-118691.0 -0.355
-118643.0 -0.315
-118595.0 -0.353
-118549.0 -0.389
-118501.0 -0.294
-118456.0 -0.468
-118412.0 -0.439
-118366.0 -0.429
-118318.0 -0.263
-118271.0 -0.319
-118224.0 -0.398
-118175.0 -0.234
-118129.0 -0.373
-118087.0 -0.532
-118044.0 -0.473
-118001.0 -0.568
-117954.0 -0.271
-117905.0 -0.238
-117857.0 -0.379
-117811.0 -0.306
-117765.0 -0.424
-117717.0 -0.291
-117670.0 -0.293
-117624.0 -0.423
-117577.0 -0.312
-117530.0 -0.309
-117482.0 -0.336
-117433.0 -0.255
-117385.0 -0.263
-117340.0 -0.415
-117293.0 -0.319
-117245.0 -0.284
-117197.0 -0.293
-117149.0 -0.284
-117102.0 -0.372
-117051.0 -0.138
-117001.0 -0.221
-116953.0 -0.303
-116905.0 -0.250
-116856.0 -0.322
-116805.0 -0.116
-116754.0 -0.173
-116704.0 -0.284
-116654.0 -0.192
-116602.0 -0.149
-116550.0 -0.132
-116500.0 -0.217
-116450.0 -0.184
-116400.0 -0.218
-116350.0 -0.189
-116300.0 -0.247
-116248.0 -0.139
-116189.0 0.078
-116136.0 -0.113
-116085.0 -0.158
-116029.0 0.009
-115976.0 -0.127
-115922.0 -0.116
-115868.0 0.016
-115815.0 -0.158
-115762.0 -0.127
-115707.0 0.015
-115652.0 -0.032
-115599.0 -0.129
-115546.0 -0.063
-115492.0 -0.039
-115436.0 -0.020
-115382.0 -0.056
-115327.0 0.015
-115276.0 -0.189
-115223.0 -0.047
-115169.0 -0.085
-115115.0 -0.050
-115064.0 -0.225
-115010.0 -0.007
-114956.0 -0.048
-114899.0 0.051
-114844.0 -0.001
-114792.0 -0.097
-114740.0 -0.127
-114684.0 -0.012
-114627.0 0.028
-114569.0 0.113
-114509.0 0.118
-114452.0 0.086
-114398.0 -0.070
-114342.0 0.007
-114284.0 0.085
-114227.0 0.067
-114170.0 0.094
-114116.0 -0.072
-114060.0 0.054
-114004.0 0.048
-113947.0 0.078
-113889.0 0.099
-113833.0 0.047
-113776.0 0.082
-113716.0 0.111
-113652.0 0.320
-113592.0 0.135
-113531.0 0.180
-113466.0 0.310
-113403.0 0.271
-113342.0 0.151
-113281.0 0.217
-113222.0 0.167
-113162.0 0.104
-113097.0 0.377
-113034.0 0.234
-112971.0 0.233
-112907.0 0.291
-112843.0 0.313
-112777.0 0.332
-112714.0 0.272
-112654.0 0.193
-112592.0 0.222
-112527.0 0.376
-112464.0 0.241
-112400.0 0.307
-112330.0 0.458
-112263.0 0.386
-112199.0 0.307
-112135.0 0.290
-112066.0 0.456
-111997.0 0.421
-111932.0 0.341
-111865.0 0.392
-111797.0 0.402
-111729.0 0.434
-111662.0 0.429
-111598.0 0.284
-111532.0 0.394
-111465.0 0.426
-111400.0 0.320
-111330.0 0.478
-111263.0 0.473
-111200.0 0.237
-111136.0 0.360
-111071.0 0.366
-111005.0 0.432
-110940.0 0.355
-110876.0 0.336
-110811.0 0.408
-110747.0 0.334
-110681.0 0.426
-110614.0 0.449
-110548.0 0.404
-110482.0 0.405
-110419.0 0.383
-110356.0 0.288
-110290.0 0.451
-110222.0 0.456
-110151.0 0.573
-110085.0 0.417
-110025.0 0.256
-109957.0 0.464
-109885.0 0.603
-109822.0 0.367
-109756.0 0.426
-109690.0 0.455
-109624.0 0.451
-109557.0 0.456
-109490.0 0.484
-109416.0 0.664
-109349.0 0.423
-109280.0 0.524
-109211.0 0.549
-109143.0 0.484
-109072.0 0.557
-108994.0 0.767
-108922.0 0.579
-108851.0 0.575
-108776.0 0.686
-108705.0 0.565
-108632.0 0.641
-108561.0 0.590
-108487.0 0.654
-108416.0 0.565
-108340.0 0.733
-108267.0 0.642
-108195.0 0.631
-108125.0 0.588
-108056.0 0.568
-107986.0 0.579
-107917.0 0.569
-107849.0 0.546
-107781.0 0.549
-107717.0 0.445
-107653.0 0.458
-107590.0 0.451
-107530.0 0.353
-107468.0 0.442
-107406.0 0.370
-107343.0 0.487
-107283.0 0.347
-107223.0 0.374
-107162.0 0.413
-107103.0 0.366
-107046.0 0.262
-106988.0 0.339
-106933.0 0.224
-106876.0 0.312
-106818.0 0.341
-106759.0 0.391
-106704.0 0.241
-106651.0 0.178
-106601.0 0.075
-106550.0 0.159
-106499.0 0.121
-106447.0 0.211
-106394.0 0.173
-106340.0 0.243
-106287.0 0.211
-106234.0 0.211
-106178.0 0.307
-106122.0 0.294
-106067.0 0.236
-106011.0 0.339
-105956.0 0.290
-105902.0 0.152
-105844.0 0.405
-105785.0 0.385
-105725.0 0.404
-105666.0 0.389
-105608.0 0.351
-105552.0 0.329
-105495.0 0.313
-105438.0 0.350
-105379.0 0.392
-105322.0 0.335
-105264.0 0.347
-105204.0 0.453
-105143.0 0.437
-105086.0 0.344
-105033.0 0.222
-104975.0 0.363
-104918.0 0.388
-104861.0 0.313
-104804.0 0.348
-104748.0 0.351
-104692.0 0.306
-104633.0 0.402
-104572.0 0.475
-104512.0 0.408
-104453.0 0.434
-104392.0 0.436
-104330.0 0.503
-104270.0 0.459
-104212.0 0.303
-104150.0 0.535
-104083.0 0.626
-104022.0 0.464
-103961.0 0.471
-103898.0 0.549
-103836.0 0.467
-103770.0 0.642
-103705.0 0.487
-103637.0 0.701
-103571.0 0.578
-103503.0 0.655
-103433.0 0.709
-103368.0 0.550
-103302.0 0.620
-103234.0 0.654
-103175.0 0.408
-103113.0 0.544
-103052.0 0.474
-102991.0 0.505
-102935.0 0.336
-102878.0 0.401
-102819.0 0.445
-102760.0 0.451
-102702.0 0.440
-102647.0 0.266
-102590.0 0.432
-102535.0 0.332
-102479.0 0.347
-102423.0 0.385
-102368.0 0.342
-102312.0 0.328
-102252.0 0.538
-102196.0 0.351
-102144.0 0.255
-102091.0 0.279
-102038.0 0.306
-101982.0 0.369
-101930.0 0.257
-101878.0 0.269
-101825.0 0.269
-101772.0 0.313
-101720.0 0.233
-101667.0 0.320
-101614.0 0.288
-101561.0 0.342
-101509.0 0.202
-101458.0 0.294
-101410.0 0.139
-101363.0 0.042
-101315.0 0.225
-101266.0 0.152
-101216.0 0.189
-101165.0 0.274
-101113.0 0.255
-101058.0 0.351
-101003.0 0.389
-100948.0 0.354
-100893.0 0.385
-100842.0 0.208
-100791.0 0.262
-100739.0 0.263
-100687.0 0.285
-100634.0 0.303
-100580.0 0.366
-100529.0 0.222
-100477.0 0.317
-100426.0 0.189
-100374.0 0.331
-100321.0 0.290
-100269.0 0.329
-100218.0 0.203
-100166.0 0.268
-100114.0 0.348
-100062.0 0.230
-100010.0 0.266
-99957.0 0.370
-99904.0 0.263
-99848.0 0.455
-99795.0 0.297
-99743.0 0.304
-99692.0 0.244
-99641.0 0.249
-99586.0 0.396
-99535.0 0.249
-99482.0 0.322
-99427.0 0.374
-99372.0 0.407
-99318.0 0.323
-99263.0 0.389
-99205.0 0.452
-99147.0 0.493
-99094.0 0.317
-99041.0 0.322
-98990.0 0.266
-98933.0 0.462
-98880.0 0.288
-98825.0 0.410
-98772.0 0.298
-98717.0 0.388
-98662.0 0.414
-98610.0 0.339
-98560.0 0.173
-98509.0 0.313
-98459.0 0.180
-98408.0 0.306
-98355.0 0.312
-98302.0 0.417
-98251.0 0.173
-98197.0 0.430
-98146.0 0.243
-98095.0 0.287
-98046.0 0.193
-97994.0 0.334
-97940.0 0.370
-97885.0 0.385
-97832.0 0.336
-97783.0 0.249
-97735.0 0.133
-97682.0 0.345
-97629.0 0.326
-97575.0 0.433
-97525.0 0.196
-97472.0 0.341
-97420.0 0.373
-97369.0 0.244
-97319.0 0.274
-97268.0 0.252
-97218.0 0.266
-97167.0 0.252
-97116.0 0.382
-97065.0 0.155
-97011.0 0.470
-96958.0 0.322
-96906.0 0.325
-96855.0 0.255
-96804.0 0.336
-96752.0 0.262
-96699.0 0.433
-96649.0 0.193
-96597.0 0.326
-96543.0 0.388
-96486.0 0.489
-96438.0 0.174
-96385.0 0.347
-96331.0 0.399
-96280.0 0.307
-96232.0 0.180
-96182.0 0.266
-96130.0 0.336
-96079.0 0.240
-96024.0 0.492
-95972.0 0.334
-95924.0 0.107
-95871.0 0.410
-95819.0 0.360
-95767.0 0.252
-95714.0 0.404
-95661.0 0.369
-95609.0 0.298
-95555.0 0.418
-95502.0 0.354
-95449.0 0.363
-95394.0 0.414
-95341.0 0.370
-95288.0 0.357
-95234.0 0.421
-95182.0 0.339
-95132.0 0.236
-95083.0 0.240
-95034.0 0.281
-94987.0 0.165
-94941.0 0.133
-94893.0 0.244
-94849.0 0.076
-94805.0 0.034
-94757.0 0.211
-94705.0 0.319
-94649.0 0.530
-94595.0 0.373
-94542.0 0.358
-94490.0 0.355
-94440.0 0.255
-94386.0 0.426
-94335.0 0.307
-94286.0 0.218
-94232.0 0.455
-94182.0 0.252
-94133.0 0.240
-94084.0 0.276
-94034.0 0.269
-93983.0 0.317
-93931.0 0.344
-93880.0 0.334
-93830.0 0.284
-93778.0 0.326
-93725.0 0.445
-93676.0 0.151
-93626.0 0.348
-93572.0 0.373
-93517.0 0.500
-93465.0 0.334
-93414.0 0.288
-93364.0 0.303
-93315.0 0.253
-93264.0 0.275
-93211.0 0.452
-93157.0 0.389
-93104.0 0.413
-93051.0 0.307
-92995.0 0.519
-92941.0 0.420
-92889.0 0.336
-92838.0 0.348
-92786.0 0.353
-92734.0 0.320
-92679.0 0.497
-92629.0 0.250
-92577.0 0.379
-92525.0 0.347
-92471.0 0.458
-92418.0 0.394
-92368.0 0.238
-92315.0 0.405
-92260.0 0.458
-92204.0 0.490
-92148.0 0.477
-92094.0 0.414
-92040.0 0.417
-91987.0 0.410
-91935.0 0.351
-91880.0 0.455
-91825.0 0.465
-91771.0 0.405
-91714.0 0.540
-91657.0 0.518
-91602.0 0.452
-91550.0 0.358
-91500.0 0.252
-91441.0 0.619
-91385.0 0.486
-91328.0 0.493
-91270.0 0.562
-91213.0 0.477
-91156.0 0.600
-91101.0 0.389
-91046.0 0.470
-90991.0 0.464
-90939.0 0.389
-90888.0 0.348
-90833.0 0.459
-90777.0 0.500
-90719.0 0.543
-90660.0 0.568
-90600.0 0.598
-90540.0 0.625
-90489.0 0.353
-90436.0 0.413
-90380.0 0.492
-90324.0 0.566
-90274.0 0.217
-90222.0 0.433
-90168.0 0.424
-90115.0 0.433
-90062.0 0.423
-90012.0 0.367
-89963.0 0.203
-89913.0 0.322
-89861.0 0.442
-89808.0 0.398
-89757.0 0.391
-89705.0 0.331
-89650.0 0.528
-89592.0 0.546
-89540.0 0.402
-89489.0 0.373
-89438.0 0.342
-89387.0 0.383
-89336.0 0.350
-89286.0 0.317
-89230.0 0.535
-89174.0 0.525
-89119.0 0.459
-89062.0 0.554
-89005.0 0.576
-88952.0 0.380
-88899.0 0.443
-88847.0 0.380
-88794.0 0.455
-88742.0 0.404
-88688.0 0.467
-88631.0 0.552
-88574.0 0.534
-88518.0 0.467
-88459.0 0.660
-88401.0 0.573
-88346.0 0.484
-88286.0 0.641
-88230.0 0.503
-88172.0 0.588
-88114.0 0.598
-88059.0 0.475
-88004.0 0.483
-87949.0 0.518
-87891.0 0.588
-87831.0 0.654
-87774.0 0.490
-87714.0 0.723
-87658.0 0.449
-87599.0 0.635
-87541.0 0.579
-87481.0 0.657
-87423.0 0.607
-87368.0 0.437
-87310.0 0.595
-87246.0 0.736
-87182.0 0.746
-87121.0 0.683
-87063.0 0.601
-87008.0 0.464
-86952.0 0.590
-86899.0 0.413
-86844.0 0.522
-86790.0 0.481
-86735.0 0.525
-86686.0 0.329
-86630.0 0.559
-86574.0 0.549
-86519.0 0.511
-86466.0 0.465
-86413.0 0.484
-86362.0 0.363
-86311.0 0.414
-86260.0 0.410
-86208.0 0.399
-86157.0 0.492
-86108.0 0.276
-86059.0 0.369
-86010.0 0.332
-85962.0 0.303
-85911.0 0.402
-85861.0 0.405
-85810.0 0.414
-85759.0 0.429
-85710.0 0.331
-85662.0 0.291
-85613.0 0.364
-85564.0 0.361
-85515.0 0.373
-85468.0 0.219
-85419.0 0.399
-85371.0 0.313
-85324.0 0.291
-85276.0 0.317
-85229.0 0.342
-85188.0 0.020
-85142.0 0.257
-85093.0 0.347
-85046.0 0.313
-84999.0 0.266
-84951.0 0.310
-84903.0 0.417
-84858.0 0.110
-84813.0 0.255
-84765.0 0.366
-84719.0 0.266
-84674.0 0.202
-84632.0 0.117
-84589.0 0.159
-84544.0 0.230
-84500.0 0.196
-84455.0 0.263
-84411.0 0.158
-84367.0 0.140
-84322.0 0.285
-84276.0 0.256
-84231.0 0.192
-84184.0 0.350
-84142.0 0.114
-84097.0 0.244
-84054.0 0.126
-84012.0 0.231
-83970.0 -0.013
-83929.0 0.138
-83885.0 0.209
-83843.0 0.130
-83796.0 0.320
-83756.0 0.001
-83716.0 0.009
-83675.0 0.177
-83632.0 0.127
-83589.0 0.165
-83545.0 0.233
-83503.0 0.050
-83460.0 0.225
-83417.0 0.155
-83375.0 0.133
-83333.0 0.173
-83294.0 -0.029
-83255.0 -0.004
-83216.0 0.048
-83176.0 0.038
-83137.0 0.022
-83098.0 -0.003
-83057.0 0.149
-83016.0 -0.001
-82974.0 0.212
-82932.0 0.094
-82889.0 0.180
-82846.0 0.181
-82804.0 0.143
-82763.0 0.039
-82721.0 0.158
-82680.0 0.189
-82642.0 -0.072
-82599.0 0.159
-82554.0 0.278
-82512.0 0.079
-82469.0 0.200
-82427.0 0.159
-82386.0 0.067
-82343.0 0.165
-82303.0 0.091
-82261.0 0.069
-82218.0 0.206
-82174.0 0.197
-82128.0 0.328
-82084.0 0.177
-82037.0 0.306
-81992.0 0.257
-81943.0 0.370
-81899.0 0.209
-81855.0 0.230
-81810.0 0.250
-81767.0 0.129
-81725.0 0.240
-81683.0 0.022
-81637.0 0.336
-81591.0 0.274
-81545.0 0.274
-81499.0 0.274
-81450.0 0.396
-81401.0 0.404
-81355.0 0.271
-81310.0 0.206
-81264.0 0.315
-81215.0 0.373
-81164.0 0.458
-81114.0 0.437
-81065.0 0.325
-81016.0 0.407
-80966.0 0.439
-80918.0 0.328
-80869.0 0.442
-80821.0 0.320
-80774.0 0.291
-80726.0 0.386
-80679.0 0.316
-80633.0 0.275
-80586.0 0.345
-80537.0 0.372
-80489.0 0.367
-80440.0 0.404
-80392.0 0.353
-80346.0 0.274
-80297.0 0.423
-80249.0 0.310
-80198.0 0.506
-80153.0 0.190
-80107.0 0.351
-80059.0 0.354
-80011.0 0.345
-79961.0 0.432
-79910.0 0.478
-79860.0 0.430
-79810.0 0.385
-79762.0 0.449
-79716.0 0.228
-79670.0 0.257
-79621.0 0.511
-79571.0 0.323
-79520.0 0.554
-79470.0 0.360
-79421.0 0.452
-79374.0 0.331
-79327.0 0.348
-79280.0 0.284
-79228.0 0.552
-79178.0 0.385
-79127.0 0.521
-79076.0 0.369
-79022.0 0.680
-78969.0 0.464
-78919.0 0.459
-78868.0 0.426
-78817.0 0.559
-78767.0 0.380
-78719.0 0.354
-78670.0 0.432
-78620.0 0.464
-78570.0 0.415
-78518.0 0.531
-78465.0 0.530
-78415.0 0.455
-78364.0 0.402
-78310.0 0.606
-78252.0 0.717
-78200.0 0.475
-78149.0 0.467
-78094.0 0.604
-78041.0 0.541
-77989.0 0.503
-77935.0 0.600
-77880.0 0.576
-77825.0 0.613
-77770.0 0.568
-77715.0 0.631
-77658.0 0.666
-77601.0 0.664
-77546.0 0.579
-77492.0 0.575
-77435.0 0.670
-77382.0 0.557
-77332.0 0.462
-77281.0 0.478
-77229.0 0.568
-77179.0 0.389
-77125.0 0.626
-77073.0 0.530
-77021.0 0.516
-76969.0 0.521
-76916.0 0.543
-76861.0 0.642
-76806.0 0.607
-76749.0 0.651
-76692.0 0.685
-76639.0 0.568
-76587.0 0.527
-76531.0 0.655
-76478.0 0.511
-76419.0 0.818
-76365.0 0.553
-76312.0 0.527
-76258.0 0.622
-76202.0 0.645
-76144.0 0.733
-76091.0 0.557
-76038.0 0.568
-75982.0 0.657
-75926.0 0.625
-75868.0 0.721
-75808.0 0.796
-75749.0 0.746
-75693.0 0.626
-75636.0 0.718
-75582.0 0.588
-75527.0 0.652
-75474.0 0.544
-75421.0 0.610
-75368.0 0.603
-75316.0 0.511
-75265.0 0.527
-75215.0 0.509
-75165.0 0.486
-75114.0 0.492
-75063.0 0.544
-75011.0 0.610
-74962.0 0.394
-74913.0 0.528
-74864.0 0.415
-74816.0 0.471
-74768.0 0.404
-74721.0 0.408
-74674.0 0.452
-74630.0 0.284
-74587.0 0.231
-74543.0 0.313
-74503.0 0.149
-74459.0 0.288
-74414.0 0.361
-74368.0 0.388
-74322.0 0.354
-74274.0 0.492
-74228.0 0.374
-74183.0 0.294
-74135.0 0.468
-74090.0 0.341
-74042.0 0.448
-73994.0 0.442
-73947.0 0.423
-73903.0 0.250
-73854.0 0.508
-73804.0 0.518
-73752.0 0.603
-73701.0 0.528
-73650.0 0.546
-73598.0 0.546
-73545.0 0.645
-73495.0 0.443
-73440.0 0.715
-73387.0 0.578
-73333.0 0.673
-73281.0 0.535
-73225.0 0.739
-73172.0 0.578
-73119.0 0.587
-73066.0 0.642
-73012.0 0.597
-72956.0 0.755
-72899.0 0.683
-72843.0 0.720
-72785.0 0.750
-72727.0 0.746
-72669.0 0.755
-72608.0 0.832
-72547.0 0.851
-72486.0 0.825
-72426.0 0.790
-72363.0 0.935
-72301.0 0.840
-72244.0 0.702
-72187.0 0.745
-72132.0 0.666
-72074.0 0.812
-72019.0 0.650
-71964.0 0.699
-71910.0 0.671
-71857.0 0.600
-71804.0 0.644
-71750.0 0.658
-71697.0 0.607
-71645.0 0.635
-71592.0 0.616
-71544.0 0.490
-71491.0 0.641
-71438.0 0.626
-71383.0 0.686
-71330.0 0.666
-71280.0 0.518
-71231.0 0.513
-71182.0 0.543
-71130.0 0.572
-71078.0 0.671
-71030.0 0.402
-70976.0 0.698
-70922.0 0.764
-70873.0 0.426
-70826.0 0.509
-70779.0 0.443
-70733.0 0.439
-70688.0 0.373
-70641.0 0.458
-70594.0 0.455
-70546.0 0.518
-70500.0 0.395
-70450.0 0.572
-70399.0 0.601
-70347.0 0.613
-70296.0 0.553
-70241.0 0.739
-70190.0 0.609
-70137.0 0.628
-70081.0 0.764
-70025.0 0.708
-69969.0 0.759
-69913.0 0.730
-69854.0 0.815
-69796.0 0.796
-69741.0 0.698
-69686.0 0.743
-69632.0 0.645
-69573.0 0.854
-69511.0 0.922
-69450.0 0.876
-69394.0 0.696
-69332.0 0.935
-69268.0 0.949
-69204.0 0.983
-69141.0 0.914
-69074.0 1.000
-69009.0 0.929
-68943.0 1.000
-68879.0 0.939
-68816.0 0.945
-68751.0 1.000
-68692.0 0.825
-68631.0 0.892
-68574.0 0.771
-68517.0 0.827
-68460.0 0.745
-68403.0 0.793
-68346.0 0.810
-68289.0 0.774
-68224.0 0.996
-68158.0 1.000
-68091.0 1.000
-68029.0 0.960
-67969.0 0.844
-67908.0 0.892
-67848.0 0.932
-67793.0 0.676
-67729.0 0.998
-67666.0 0.968
-67604.0 0.967
-67546.0 0.777
-67485.0 0.919
-67421.0 1.000
-67358.0 0.936
-67296.0 0.930
-67231.0 1.000
-67167.0 0.989
-67103.0 1.000
-67041.0 0.925
-66976.0 1.000
-66913.0 0.952
-66853.0 0.878
-66790.0 0.985
-66727.0 0.982
-66667.0 0.872
-66606.0 0.903
-66541.0 1.000
-66485.0 0.783
-66423.0 0.957
-66362.0 0.926
-66299.0 0.967
-66236.0 0.980
-66170.0 1.000
-66106.0 0.976
-66042.0 1.000
-65977.0 1.000
-65914.0 0.993
-65852.0 0.919
-65788.0 1.000
-65724.0 1.000
-65663.0 0.951
-65603.0 0.872
-65539.0 1.000
-65479.0 0.920
-65415.0 1.000
-65353.0 0.971
-65293.0 0.903
-65232.0 0.955
-65173.0 0.857
-65111.0 1.000
-65054.0 0.764
-64998.0 0.764
-64939.0 0.935
-64879.0 0.925
-64817.0 0.952
-64756.0 1.000
-64697.0 0.848
-64635.0 0.986
-64577.0 0.863
-64516.0 0.967
-64457.0 0.925
-64399.0 0.840
-64340.0 0.908
-64278.0 0.998
-64218.0 0.919
-64160.0 0.860
-64100.0 0.963
-64042.0 0.882
-63989.0 0.724
-63938.0 0.676
-63884.0 0.784
-63829.0 0.787
-63771.0 0.932
-63720.0 0.604
-63666.0 0.854
-63615.0 0.632
-63564.0 0.611
-63508.0 0.876
-63448.0 0.926
-63388.0 0.958
-63326.0 0.995
-63265.0 0.944
-63203.0 1.000
-63141.0 0.983
-63079.0 0.990
-63012.0 1.000
-62953.0 0.865
-62894.0 0.892
-62832.0 1.000
-62771.0 0.976
-62715.0 0.840
-62657.0 0.882
-62598.0 0.929
-62539.0 0.935
-62480.0 0.938
-62428.0 0.695
-62371.0 0.888
-62312.0 0.930
-62254.0 0.892
-62198.0 0.832
-62144.0 0.812
-62089.0 0.796
-62033.0 0.829
-61974.0 0.942
-61919.0 0.837
-61863.0 0.859
-61809.0 0.771
-61757.0 0.749
-61706.0 0.696
-61654.0 0.734
-61601.0 0.771
-61550.0 0.723
-61499.0 0.652
-61447.0 0.746
-61394.0 0.821
-61343.0 0.660
-61292.0 0.715
-61242.0 0.705
-61192.0 0.671
-61142.0 0.638
-61094.0 0.677
-61045.0 0.575
-60994.0 0.771
-60944.0 0.677
-60896.0 0.578
-60847.0 0.611
-60797.0 0.734
-60747.0 0.693
-60697.0 0.645
-60649.0 0.690
-60603.0 0.481
-60558.0 0.522
-60510.0 0.619
-60460.0 0.695
-60414.0 0.549
-60364.0 0.654
-60313.0 0.729
-60265.0 0.609
-60216.0 0.647
-60166.0 0.707
-60116.0 0.695
-60068.0 0.610
-60020.0 0.626
-59972.0 0.563
-59924.0 0.698
-59879.0 0.471
-59835.0 0.500
-59791.0 0.497
-59747.0 0.413
-59700.0 0.644
-59650.0 0.680
-59606.0 0.490
-59560.0 0.540
-59514.0 0.592
-59469.0 0.553
-59426.0 0.339
-59381.0 0.527
-59333.0 0.702
-59286.0 0.550
-59242.0 0.535
-59201.0 0.297
-59153.0 0.670
-59110.0 0.418
-59067.0 0.426
-59024.0 0.470
-58980.0 0.483
-58936.0 0.497
-58892.0 0.480
-58847.0 0.524
-58803.0 0.483
-58760.0 0.502
-58718.0 0.350
-58676.0 0.459
-58633.0 0.430
-58592.0 0.394
-58552.0 0.307
-58511.0 0.341
-58467.0 0.573
-58422.0 0.462
-58379.0 0.492
-58338.0 0.354
-58297.0 0.370
-58254.0 0.516
-58212.0 0.281
-58170.0 0.509
-58127.0 0.407
-58081.0 0.595
-58039.0 0.402
-57994.0 0.527
-57949.0 0.508
-57904.0 0.541
-57857.0 0.546
-57809.0 0.632
-57760.0 0.682
-57713.0 0.651
-57669.0 0.399
-57625.0 0.487
-57578.0 0.601
-57532.0 0.575
-57488.0 0.475
-57443.0 0.508
-57395.0 0.609
-57346.0 0.774
-57300.0 0.451
-57258.0 0.468
-57216.0 0.361
-57172.0 0.511
-57130.0 0.395
-57086.0 0.471
-57041.0 0.566
-56994.0 0.549
-56948.0 0.633
-56903.0 0.413
-56858.0 0.594
-56812.0 0.531
-56766.0 0.565
-56716.0 0.685
-56669.0 0.588
-56618.0 0.748
-56571.0 0.579
-56523.0 0.606
-56474.0 0.689
-56424.0 0.673
-56376.0 0.658
-56326.0 0.604
-56275.0 0.816
-56226.0 0.641
-56178.0 0.588
-56128.0 0.701
-56076.0 0.712
-56023.0 0.903
-55971.0 0.622
-55918.0 0.860
-55864.0 0.824
-55813.0 0.709
-55761.0 0.705
-55707.0 0.853
-55654.0 0.791
-55603.0 0.712
-55554.0 0.686
-55505.0 0.631
-55458.0 0.625
-55409.0 0.628
-55358.0 0.777
-55310.0 0.598
-55264.0 0.562
-55216.0 0.636
-55168.0 0.666
-55122.0 0.518
-55074.0 0.632
-55027.0 0.648
-54982.0 0.481
-54937.0 0.532
-54890.0 0.623
-54843.0 0.600
-54797.0 0.503
-54748.0 0.715
-54697.0 0.712
-54645.0 0.790
-54594.0 0.749
-54544.0 0.628
-54495.0 0.717
-54445.0 0.717
-54396.0 0.638
-54347.0 0.644
-54301.0 0.664
-54256.0 0.427
-54213.0 0.487
-54169.0 0.506
-54125.0 0.462
-54078.0 0.655
-54031.0 0.585
-53984.0 0.610
-53938.0 0.549
-53893.0 0.588
-53848.0 0.445
-53804.0 0.549
-53761.0 0.445
-53714.0 0.609
-53666.0 0.639
-53617.0 0.686
-53571.0 0.524
-53526.0 0.556
-53482.0 0.538
-53440.0 0.408
-53399.0 0.364
-53359.0 0.354
-53318.0 0.358
-53278.0 0.392
-53237.0 0.370
-53195.0 0.426
-53153.0 0.377
-53110.0 0.538
-53067.0 0.475
-53026.0 0.256
-52982.0 0.560
-52935.0 0.632
-52888.0 0.603
-52843.0 0.538
-52799.0 0.528
-52757.0 0.309
-52713.0 0.528
-52668.0 0.617
-52625.0 0.407
-52580.0 0.563
-52535.0 0.508
-52488.0 0.664
-52443.0 0.462
-52398.0 0.522
-52352.0 0.622
-52305.0 0.559
-52258.0 0.638
-52212.0 0.559
-52163.0 0.698
-52117.0 0.546
-52075.0 0.401
-52032.0 0.565
-51990.0 0.310
-51947.0 0.508
-51901.0 0.550
-51854.0 0.631
-51811.0 0.437
-51765.0 0.606
-51719.0 0.528
-51671.0 0.709
-51622.0 0.595
-51575.0 0.718
-51528.0 0.509
-51483.0 0.573
-51436.0 0.601
-51387.0 0.689
-51339.0 0.625
-51291.0 0.661
-51242.0 0.651
-51193.0 0.690
-51143.0 0.714
-51092.0 0.714
-51041.0 0.781
-50993.0 0.616
-50945.0 0.613
-50896.0 0.712
-50846.0 0.731
-50798.0 0.598
-50749.0 0.729
-50701.0 0.661
-50652.0 0.549
-50602.0 0.821
-50551.0 0.721
-50503.0 0.683
-50458.0 0.459
-50411.0 0.666
-50362.0 0.667
-50311.0 0.731
-50261.0 0.736
-50212.0 0.661
-50166.0 0.585
-50118.0 0.652
-50071.0 0.606
-50022.0 0.667
-49970.0 0.831
-49918.0 0.730
-49869.0 0.756
-49820.0 0.556
-49770.0 0.756
-49721.0 0.761
-49673.0 0.527
-49624.0 0.724
-49575.0 0.737
-49526.0 0.622
-49477.0 0.682
-49426.0 0.799
-49375.0 0.711
-49322.0 0.862
-49269.0 0.752
-49218.0 0.812
-49167.0 0.699
-49115.0 0.829
-49063.0 0.745
-49012.0 0.756
-48962.0 0.742
-48915.0 0.591
-48867.0 0.660
-48819.0 0.670
-48766.0 0.829
-48712.0 0.851
-48664.0 0.648
-48613.0 0.740
-48558.0 0.879
-48510.0 0.658
-48461.0 0.704
-48414.0 0.629
-48367.0 0.604
-48318.0 0.629
-48268.0 0.803
-48217.0 0.704
-48165.0 0.796
-48111.0 0.885
-48058.0 0.808
-48005.0 0.793
-47950.0 0.942
-47900.0 0.695
-47852.0 0.607
-47803.0 0.755
-47755.0 0.677
-47710.0 0.552
-47664.0 0.547
-47616.0 0.688
-47569.0 0.658
-47522.0 0.619
-47474.0 0.654
-47428.0 0.598
-47380.0 0.680
-47334.0 0.606
-47289.0 0.610
-47246.0 0.361
-47203.0 0.576
-47158.0 0.547
-47111.0 0.629
-47065.0 0.622
-47020.0 0.537
-46975.0 0.576
-46930.0 0.576
-46885.0 0.494
-46840.0 0.638
-46794.0 0.584
-46748.0 0.597
-46707.0 0.402
-46666.0 0.465
-46624.0 0.373
-46583.0 0.440
-46542.0 0.459
-46504.0 0.224
-46466.0 0.303
-46427.0 0.344
-46384.0 0.471
-46341.0 0.468
-46298.0 0.538
-46254.0 0.530
-46210.0 0.557
-46165.0 0.568
-46124.0 0.401
-46080.0 0.483
-46036.0 0.638
-45992.0 0.467
-45951.0 0.349
-45912.0 0.231
-45870.0 0.500
-45827.0 0.377
-45785.0 0.464
-45742.0 0.389
-45697.0 0.554
-45652.0 0.488
-45606.0 0.601
-45562.0 0.366
-45517.0 0.581
-45470.0 0.591
-45424.0 0.530
-45377.0 0.567
-45331.0 0.541
-45284.0 0.584
-45237.0 0.595
-45189.0 0.600
-45143.0 0.544
-45095.0 0.611
-45046.0 0.617
-44996.0 0.694
-44946.0 0.681
-44896.0 0.670
-44845.0 0.698
-44794.0 0.700
-44743.0 0.716
-44692.0 0.670
-44641.0 0.714
-44588.0 0.788
-44535.0 0.767
-44482.0 0.823
-44431.0 0.678
-44382.0 0.600
-44330.0 0.732
-44276.0 0.785
-44221.0 0.829
-44166.0 0.835
-44112.0 0.768
-44058.0 0.814
-44005.0 0.825
-43954.0 0.719
-43902.0 0.730
-43849.0 0.817
-43796.0 0.782
-43746.0 0.624
-43696.0 0.702
-43647.0 0.670
-43597.0 0.644
-43546.0 0.735
-43495.0 0.714
-43447.0 0.642
-43400.0 0.585
-43354.0 0.525
-43303.0 0.718
-43252.0 0.731
-43205.0 0.572
-43157.0 0.662
-43110.0 0.572
-43064.0 0.544
-43017.0 0.621
-42969.0 0.597
-42922.0 0.604
-42876.0 0.562
-42827.0 0.649
-42777.0 0.719
-42726.0 0.675
-42674.0 0.796
-42625.0 0.611
-42573.0 0.788
-42522.0 0.696
-42473.0 0.667
-42423.0 0.666
-42371.0 0.774
-42319.0 0.751
-42268.0 0.663
-42215.0 0.844
-42161.0 0.756
-42106.0 0.864
-42050.0 0.867
-41995.0 0.826
-41940.0 0.825
-41885.0 0.833
-41832.0 0.774
-41777.0 0.855
-41725.0 0.756
-41674.0 0.720
-41620.0 0.823
-41569.0 0.699
-41516.0 0.837
-41469.0 0.550
-41416.0 0.802
-41366.0 0.704
-41317.0 0.671
-41269.0 0.667
-41223.0 0.522
-41174.0 0.636
-41123.0 0.804
-41073.0 0.670
-41023.0 0.696
-40972.0 0.730
-40920.0 0.747
-40865.0 0.911
-40812.0 0.745
-40759.0 0.782
-40705.0 0.835
-40651.0 0.819
-40597.0 0.822
-40543.0 0.844
-40490.0 0.798
-40441.0 0.629
-40394.0 0.666
-40345.0 0.620
-40293.0 0.781
-40241.0 0.797
-40188.0 0.810
-40138.0 0.673
-40089.0 0.693
-40039.0 0.760
-39990.0 0.621
-39940.0 0.743
-39890.0 0.693
-39838.0 0.790
-39787.0 0.704
-39732.0 0.891
-39680.0 0.751
-39625.0 0.872
-39569.0 0.885
-39515.0 0.862
-39463.0 0.731
-39413.0 0.723
-39362.0 0.753
-39312.0 0.723
-39261.0 0.733
-39211.0 0.753
-39161.0 0.691
-39111.0 0.733
-39069.0 0.456
-39023.0 0.578
-38976.0 0.698
-38931.0 0.523
-38886.0 0.541
-38842.0 0.580
-38798.0 0.482
-38751.0 0.665
-38704.0 0.619
-38660.0 0.571
-38616.0 0.507
-38572.0 0.517
-38529.0 0.514
-38484.0 0.544
-38439.0 0.599
-38395.0 0.538
-38351.0 0.501
-38306.0 0.632
-38263.0 0.440
-38215.0 0.678
-38169.0 0.628
-38124.0 0.612
-38082.0 0.396
-38039.0 0.460
-37992.0 0.708
-37945.0 0.625
-37899.0 0.617
-37858.0 0.484
-37819.0 0.285
-37779.0 0.359
-37737.0 0.517
-37697.0 0.349
-37656.0 0.498
-37613.0 0.486
-37571.0 0.468
-37525.0 0.619
-37480.0 0.575
-37431.0 0.745
-37384.0 0.574
-37337.0 0.715
-37290.0 0.574
-37244.0 0.699
-37198.0 0.544
-37149.0 0.712
-37100.0 0.711
-37051.0 0.715
-37007.0 0.546
-36961.0 0.595
-36911.0 0.749
-36859.0 0.798
-36807.0 0.838
-36755.0 0.814
-36705.0 0.720
-36655.0 0.737
-36604.0 0.785
-36555.0 0.696
-36506.0 0.733
-36456.0 0.753
-36406.0 0.739
-36357.0 0.706
-36308.0 0.706
-36258.0 0.769
-36206.0 0.798
-36154.0 0.818
-36101.0 0.868
-36051.0 0.733
-36001.0 0.737
-35952.0 0.730
-35903.0 0.723
-35848.0 0.891
-35798.0 0.751
-35746.0 0.817
-35698.0 0.712
-35650.0 0.675
-35602.0 0.702
-35551.0 0.815
-35501.0 0.796
-35454.0 0.570
-35406.0 0.735
-35356.0 0.759
-35307.0 0.751
-35260.0 0.663
-35214.0 0.607
-35167.0 0.690
-35117.0 0.781
-35069.0 0.686
-35024.0 0.599
-34977.0 0.686
-34928.0 0.732
-34879.0 0.776
-34832.0 0.648
-34785.0 0.641
-34736.0 0.790
-34688.0 0.685
-34640.0 0.694
-34591.0 0.772
-34545.0 0.646
-34494.0 0.800
-34445.0 0.731
-34395.0 0.752
-34342.0 0.870
-34287.0 0.936
-34234.0 0.855
-34181.0 0.875
-34130.0 0.797
-34077.0 0.880
-34021.0 0.928
-33966.0 0.928
-33911.0 0.929
-33856.0 0.929
-33801.0 0.929
-33750.0 0.829
-33699.0 0.740
-33648.0 0.901
-33599.0 0.690
-33551.0 0.743
-33502.0 0.745
-33453.0 0.789
-33404.0 0.735
-33355.0 0.767
-33309.0 0.658
-33262.0 0.695
-33215.0 0.735
-33168.0 0.665
-33121.0 0.718
-33073.0 0.731
-33024.0 0.751
-32973.0 0.825
-32921.0 0.892
-32869.0 0.805
-32816.0 0.891
-32761.0 0.975
-32707.0 0.900
-32652.0 0.920
-32598.0 0.961
-32545.0 0.880
-32496.0 0.739
-32448.0 0.720
-32399.0 0.862
-32350.0 0.698
-32302.0 0.777
-32253.0 0.753
-32203.0 0.834
-32154.0 0.768
-32104.0 0.811
-32055.0 0.780
-32012.0 0.581
-31965.0 0.743
-31919.0 0.604
-31871.0 0.793
-31821.0 0.843
-31773.0 0.767
-31725.0 0.661
-31673.0 0.884
-31618.0 1.000
-31564.0 0.848
-31511.0 0.974
-31459.0 0.846
-31408.0 0.868
-31356.0 0.847
-31303.0 0.915
-31247.0 0.996
-31194.0 0.921
-31141.0 0.897
-31085.0 0.982
-31032.0 0.926
-30983.0 0.796
-30933.0 0.829
-30884.0 0.818
-30837.0 0.670
-30788.0 0.842
-30738.0 0.842
-30687.0 0.842
-30637.0 0.843
-30586.0 0.843
-30534.0 0.897
-30483.0 0.884
-30431.0 0.884
-30380.0 0.867
-30330.0 0.807
-30277.0 0.983
-30227.0 0.768
-30177.0 0.884
-30124.0 0.892
-30071.0 0.995
-30020.0 0.780
-29967.0 0.971
-29915.0 0.909
-29862.0 0.917
-29808.0 0.967
-29758.0 0.846
-29711.0 0.774
-29665.0 0.703
-29618.0 0.770
-29570.0 0.782
-29523.0 0.773
-29474.0 0.782
-29425.0 0.843
-29375.0 0.915
-29328.0 0.718
-29283.0 0.667
-29236.0 0.806
-29192.0 0.646
-29145.0 0.757
-29099.0 0.740
-29052.0 0.761
-29004.0 0.822
-28956.0 0.764
-28908.0 0.843
-28859.0 0.773
-28809.0 0.895
-28759.0 0.847
-28709.0 0.878
-28658.0 0.920
-28608.0 0.842
-28560.0 0.805
-28512.0 0.807
-28465.0 0.818
-28419.0 0.706
-28373.0 0.753
-28324.0 0.844
-28275.0 0.821
-28224.0 0.915
-28170.0 0.982
-28119.0 0.915
-28068.0 0.879
-28014.0 1.000
-27961.0 0.974
-27912.0 0.834
-27864.0 0.777
-27814.0 0.912
-27765.0 0.851
-27717.0 0.807
-27673.0 0.689
-27628.0 0.708
-27578.0 0.878
-27523.0 1.000
-27475.0 0.818
-27425.0 0.863
-27377.0 0.892
-27333.0 0.583
-27287.0 0.838
-27240.0 0.764
-27192.0 0.831
-27142.0 0.888
-27090.0 0.982
-27037.0 0.952
-26985.0 0.958
-26933.0 0.937
-26880.0 1.000
-26828.0 0.954
-26777.0 0.922
-26727.0 0.866
-26674.0 1.000
-26620.0 1.000
-26567.0 0.986
-26516.0 0.937
-26465.0 0.904
-26413.0 0.983
-26364.0 0.862
-26311.0 0.986
-26257.0 1.000
-26207.0 0.881
-26154.0 0.986
-26103.0 0.971
-26053.0 0.856
-26000.0 1.000
-25950.0 0.940
-25900.0 0.850
-25847.0 1.000
-25795.0 0.929
-25743.0 0.994
-25690.0 1.000
-25640.0 0.899
-25589.0 0.930
-25538.0 0.948
-25487.0 0.970
-25435.0 0.974
-25384.0 0.930
-25330.0 1.000
-25276.0 1.000
-25223.0 1.000
-25173.0 0.905
-25123.0 0.905
-25072.0 0.969
-25020.0 0.985
-24969.0 0.969
-24919.0 0.911
-24868.0 0.970
-24818.0 0.930
-24766.0 0.977
-24714.0 0.986
-24662.0 0.999
-24609.0 1.000
-24558.0 0.978
-24511.0 0.858
-24467.0 0.724
-24415.0 1.000
-24363.0 1.000
-24314.0 0.903
-24263.0 0.959
-24216.0 0.859
-24168.0 0.866
-24119.0 0.912
-24069.0 0.949
-24015.0 1.000
-23965.0 0.928
-23916.0 0.941
-23864.0 0.985
-23812.0 1.000
-23763.0 0.907
-23715.0 0.897
-23668.0 0.852
-23622.0 0.811
-23575.0 0.866
-23529.0 0.843
-23483.0 0.818
-23435.0 0.896
-23388.0 0.852
-23340.0 0.907
-23289.0 1.000
-23242.0 0.831
-23195.0 0.884
-23149.0 0.858
-23104.0 0.757
-23059.0 0.838
-23014.0 0.784
-22967.0 0.874
-22918.0 0.932
-22869.0 0.956
-22821.0 0.911
-22772.0 0.941
-22723.0 0.907
-22674.0 0.989
-22626.0 0.859
-22577.0 0.981
-22529.0 0.888
-22483.0 0.825
-22436.0 0.913
-22389.0 0.878
-22345.0 0.774
-22295.0 0.979
-22244.0 0.996
-22199.0 0.834
-22150.0 0.948
-22099.0 0.989
-22050.0 0.967
-22002.0 0.919
-21953.0 0.938
-21907.0 0.878
-21859.0 0.915
-21815.0 0.789
-21770.0 0.822
-21724.0 0.854
-21676.0 0.934
-21626.0 1.000
-21578.0 0.944
-21531.0 0.846
-21482.0 0.953
-21435.0 1.000
-21390.0 0.716
-21346.0 0.805
-21300.0 0.885
-21250.0 0.996
-21201.0 0.994
-21155.0 0.867
-21109.0 0.825
-21062.0 0.928
-21015.0 0.892
-20965.0 1.000
-20918.0 0.911
-20870.0 0.921
-20823.0 0.913
-20776.0 0.907
-20731.0 0.863
-20683.0 0.944
-20635.0 0.945
-20587.0 0.924
-20541.0 0.900
-20496.0 0.837
-20450.0 0.848
-20401.0 1.000
-20352.0 0.954
-20304.0 0.950
-20257.0 0.929
-20210.0 0.888
-20163.0 0.963
-20118.0 0.821
-20072.0 0.920
-20026.0 0.864
-19979.0 0.912
-19931.0 0.966
-19881.0 1.000
-19834.0 0.926
-19790.0 0.797
-19746.0 0.838
-19700.0 0.851
-19652.0 0.982
-19603.0 1.000
-19555.0 0.908
-19506.0 1.000
-19458.0 0.941
-19411.0 0.958
-19365.0 0.880
-19317.0 0.986
-19272.0 0.847
-19226.0 0.932
-19185.0 0.702
-19139.0 0.904
-19093.0 0.930
-19049.0 0.796
-19001.0 0.977
-18953.0 1.000
-18908.0 0.785
-18862.0 0.904
-18815.0 1.000
-18769.0 0.838
-18723.0 0.950
-18678.0 0.862
-18632.0 0.907
-18586.0 0.940
-18540.0 0.887
-18493.0 0.981
-18449.0 0.801
-18405.0 0.893
-18361.0 0.815
-18312.0 1.000
-18266.0 0.912
-18219.0 0.926
-18174.0 0.907
-18128.0 0.913
-18082.0 0.919
-18037.0 0.883
-17993.0 0.851
-17949.0 0.892
-17903.0 0.887
-17857.0 0.944
-17810.0 0.967
-17764.0 0.930
-17720.0 0.842
-17676.0 0.846
-17630.0 0.957
-17586.0 0.855
-17545.0 0.744
-17499.0 0.952
-17453.0 0.921
-17407.0 0.921
-17361.0 0.930
-17318.0 0.870
-17275.0 0.778
-17233.0 0.874
-17190.0 0.780
-17148.0 0.793
-17105.0 0.908
-17066.0 0.648
-17025.0 0.814
-16986.0 0.645
-16947.0 0.777
-16907.0 0.700
-16867.0 0.693
-16825.0 0.859
-16784.0 0.757
-16744.0 0.741
-16705.0 0.755
-16665.0 0.644
-16626.0 0.837
-16589.0 0.571
-16553.0 0.615
-16516.0 0.653
-16478.0 0.601
-16440.0 0.747
-16404.0 0.576
-16369.0 0.562
-16334.0 0.567
-16299.0 0.563
-16266.0 0.478
-16231.0 0.521
-16196.0 0.649
-16162.0 0.492
-16129.0 0.472
-16096.0 0.476
-16063.0 0.455
-16029.0 0.563
-15994.0 0.581
-15960.0 0.523
-15927.0 0.457
-15894.0 0.451
-15862.0 0.550
-15830.0 0.382
-15797.0 0.486
-15765.0 0.439
-15734.0 0.412
-15703.0 0.373
-15672.0 0.411
-15642.0 0.363
-15612.0 0.382
-15581.0 0.304
-15549.0 0.511
-15518.0 0.356
-15487.0 0.464
-15457.0 0.377
-15427.0 0.345
-15397.0 0.297
-15366.0 0.423
-15335.0 0.428
-15304.0 0.398
-15273.0 0.418
-15242.0 0.393
-15211.0 0.426
-15182.0 0.352
-15153.0 0.299
-15125.0 0.246
-15097.0 0.264
-15070.0 0.221
-15042.0 0.205
-15014.0 0.342
-14984.0 0.344
-14959.0 0.270
-14933.0 -0.026
-14904.0 0.399
-14876.0 0.231
-14850.0 0.201
-14823.0 0.148
-14796.0 0.237
-14770.0 0.204
-14744.0 0.148
-14716.0 0.256
-14688.0 0.334
-14660.0 0.227
-14631.0 0.322
-14601.0 0.386
-14574.0 0.225
-14547.0 0.276
-14520.0 0.139
-14493.0 0.221
-14467.0 0.221
-14442.0 0.028
-14417.0 0.169
-14390.0 0.373
-14364.0 0.003
-14341.0 0.061
-14318.0 0.000
-14295.0 0.025
-14273.0 -0.045
-14252.0 -0.075
-14230.0 -0.196
-14205.0 0.217
-14180.0 0.123
-14156.0 0.066
-14131.0 0.028
-14106.0 0.102
-14080.0 0.262
-14053.0 0.205
-14028.0 0.196
-14002.0 0.098
-13979.0 0.019
-13956.0 0.042
-13930.0 0.131
-13903.0 0.229
-13875.0 0.288
-13848.0 0.278
-13822.0 0.086
-13796.0 0.340
-13770.0 0.074
-13742.0 0.255
-13715.0 0.301
-13687.0 0.222
-13658.0 0.334
-13629.0 0.338
-13600.0 0.328
-13572.0 0.308
-13546.0 0.182
-13520.0 0.259
-13495.0 0.034
-13468.0 0.194
-13440.0 0.320
-13412.0 0.263
-13383.0 0.338
-13354.0 0.371
-13327.0 0.235
-13300.0 0.214
-13275.0 0.141
-13249.0 0.145
-13222.0 0.278
-13196.0 0.190
-13170.0 0.128
-13143.0 0.234
-13115.0 0.291
-13087.0 0.353
-13059.0 0.279
-13032.0 0.205
-13005.0 0.178
-12978.0 0.275
-12950.0 0.336
-12922.0 0.307
-12894.0 0.252
-12867.0 0.140
-12841.0 0.296
-12813.0 0.211
-12784.0 0.400
-12754.0 0.367
-12727.0 0.223
-12700.0 0.244
-12673.0 0.182
-12646.0 0.350
-12617.0 0.284
-12588.0 0.353
-12559.0 0.319
-12530.0 0.396
-12503.0 0.180
-12477.0 0.217
-12452.0 0.211
-12427.0 0.034
-12402.0 0.089
-12376.0 0.319
-12350.0 0.131
-12324.0 0.251
-12297.0 0.229
-12273.0 -0.036
-12250.0 0.147
-12227.0 -0.050
-12205.0 0.017
-12181.0 0.173
-12156.0 0.062
-12131.0 0.070
-12106.0 0.256
-12082.0 0.054
-12059.0 0.009
-12037.0 0.069
-12014.0 -0.071
-11993.0 -0.067
-11972.0 -0.107
-11949.0 0.019
-11927.0 0.037
-11905.0 -0.087
-11884.0 -0.052
-11863.0 -0.085
-11841.0 -0.054
-11820.0 -0.086
-11798.0 -0.003
-11779.0 -0.159
-11760.0 -0.340
-11742.0 -0.214
-11723.0 -0.264
-11704.0 -0.160
-11686.0 -0.340
-11667.0 -0.190
-11649.0 -0.332
-11631.0 -0.192
-11612.0 -0.305
-11593.0 -0.178
-11573.0 -0.177
-11554.0 -0.209
-11535.0 -0.155
-11516.0 -0.234
-11499.0 -0.367
-11482.0 -0.435
-11465.0 -0.349
-11448.0 -0.386
-11430.0 -0.281
-11411.0 -0.229
-11392.0 -0.120
-11373.0 -0.227
-11354.0 -0.096
-11336.0 -0.477
-11319.0 -0.501
-11302.0 -0.205
-11283.0 -0.288
-11265.0 -0.250
-11246.0 -0.046
-11228.0 -0.292
-11209.0 -0.354
-11192.0 -0.400
-11175.0 -0.379
-11157.0 -0.207
-11136.0 -0.116
-11117.0 -0.144
-11098.0 -0.268
-11079.0 -0.180
-11060.0 -0.139
-11042.0 -0.320
-11024.0 -0.370
-11006.0 -0.295
-10989.0 -0.315
-10969.0 -0.243
-10949.0 -0.091
-10931.0 -0.204
-10913.0 -0.367
-10895.0 -0.287
-10875.0 -0.225
-10856.0 -0.151
-10838.0 -0.263
-10821.0 -0.363
-10803.0 -0.301
-10784.0 -0.284
-10766.0 -0.204
-10746.0 -0.188
-10727.0 -0.197
-10708.0 -0.219
-10691.0 -0.229
-10673.0 -0.444
-10655.0 -0.295
-10637.0 -0.263
-10618.0 -0.246
-10599.0 -0.214
-10580.0 -0.258
-10562.0 -0.315
-10543.0 -0.168
-10527.0 -0.611
-10511.0 -0.328
-10495.0 -0.385
-10479.0 -0.484
-10462.0 -0.400
-10445.0 -0.371
-10426.0 -0.128
-10407.0 -0.237
-10388.0 -0.268
-10369.0 -0.163
-10350.0 -0.365
-10331.0 -0.098
-10313.0 -0.346
-10295.0 -0.311
-10278.0 -0.321
-10259.0 -0.411
-10241.0 -0.148
-10222.0 -0.188
-10205.0 -0.304
-10187.0 -0.381
-10169.0 -0.268
-10151.0 -0.328
-10134.0 -0.387
-10117.0 -0.514
-10101.0 -0.333
-10083.0 -0.174
-10065.0 -0.369
-10047.0 -0.304
-10029.0 -0.373
-10012.0 -0.365
-9994.0 -0.231
-9976.0 -0.283
-9957.0 -0.377
-9939.0 -0.202
-9920.0 -0.244
-9902.0 -0.350
-9884.0 -0.250
-9866.0 -0.420
-9847.0 -0.123
-9828.0 -0.304
-9809.0 -0.313
-9789.0 -0.013
-9772.0 -0.412
-9755.0 -0.506
-9738.0 -0.321
-9721.0 -0.390
-9704.0 -0.332
-9686.0 -0.325
-9669.0 -0.477
-9652.0 -0.280
-9633.0 -0.320
-9614.0 -0.177
-9596.0 -0.317
-9578.0 -0.435
-9561.0 -0.231
-9542.0 -0.336
-9523.0 -0.184
-9504.0 -0.287
-9484.0 -0.063
-9464.0 -0.267
-9447.0 -0.394
-9430.0 -0.378
-9412.0 -0.362
-9394.0 -0.287
-9376.0 -0.312
-9357.0 -0.255
-9338.0 -0.271
-9319.0 -0.293
-9301.0 -0.325
-9281.0 -0.123
-9262.0 -0.200
-9242.0 -0.263
-9224.0 -0.402
-9207.0 -0.345
-9187.0 -0.143
-9168.0 -0.322
-9147.0 -0.079
-9126.0 0.008
-9105.0 -0.266
-9086.0 -0.266
-9066.0 -0.186
-9047.0 -0.252
-9027.0 -0.206
-9008.0 -0.242
-8988.0 -0.133
-8969.0 -0.317
-8950.0 -0.337
-8931.0 -0.181
-8911.0 -0.217
-8891.0 -0.217
-8872.0 -0.211
-8852.0 -0.305
-8833.0 -0.207
-8811.0 -0.116
-8790.0 -0.066
-8770.0 -0.272
-8750.0 -0.160
-8730.0 -0.219
-8709.0 -0.126
-8688.0 -0.119
-8668.0 -0.238
-8648.0 -0.181
-8629.0 -0.169
-8609.0 -0.333
-8589.0 -0.127
-8570.0 -0.223
-8550.0 -0.381
-8529.0 -0.233
-8508.0 0.038
-8488.0 -0.218
-8468.0 -0.238
-8448.0 -0.233
-8427.0 -0.145
-8405.0 -0.081
-8383.0 -0.107
-8361.0 -0.013
-8340.0 -0.167
-8319.0 -0.164
-8298.0 -0.141
-8277.0 -0.152
-8256.0 -0.229
-8235.0 -0.104
-8213.0 -0.157
-8191.0 -0.033
-8168.0 0.005
-8145.0 -0.061
-8124.0 -0.145
-8104.0 -0.244
-8083.0 -0.181
-8060.0 0.078
-8038.0 -0.215
-8016.0 -0.041
-7995.0 -0.165
-7974.0 -0.144
-7953.0 -0.167
-7933.0 -0.190
-7913.0 -0.256
-7894.0 -0.365
-7874.0 -0.285
-7854.0 -0.133
-7833.0 -0.136
-7812.0 -0.193
-7792.0 -0.062
-7773.0 -0.393
-7753.0 -0.435
-7733.0 -0.180
-7714.0 -0.082
-7695.0 -0.387
-7676.0 -0.270
-7655.0 -0.222
-7633.0 -0.104
-7614.0 -0.180
-7595.0 -0.440
-7576.0 -0.237
-7557.0 -0.423
-7539.0 -0.207
-7519.0 -0.334
-7498.0 -0.207
-7478.0 -0.096
-7457.0 -0.128
-7436.0 -0.299
-7414.0 -0.107
-7392.0 -0.087
-7371.0 -0.193
-7349.0 -0.053
-7330.0 -0.223
-7311.0 -0.447
-7292.0 -0.278
-7270.0 -0.141
-7249.0 -0.124
-7228.0 -0.090
-7206.0 -0.207
-7183.0 -0.156
-7160.0 0.066
-7139.0 -0.078
-7118.0 -0.279
-7097.0 -0.177
-7076.0 -0.184
-7056.0 -0.243
-7034.0 -0.206
-7013.0 -0.140
-6994.0 -0.292
-6974.0 -0.266
-6953.0 -0.168
-6933.0 -0.225
-6913.0 -0.234
-6895.0 -0.461
-6877.0 -0.297
-6858.0 -0.430
-6838.0 -0.252
-6818.0 -0.189
-6797.0 -0.172
-6775.0 -0.157
-6755.0 -0.136
-6735.0 -0.293
-6715.0 -0.361
-6695.0 -0.410
-6675.0 -0.066
-6654.0 -0.132
-6633.0 -0.301
-6612.0 -0.030
-6590.0 -0.237
-6570.0 -0.163
-6550.0 -0.267
-6531.0 -0.437
-6509.0 -0.153
-6487.0 -0.095
-6468.0 -0.312
-6449.0 -0.435
-6430.0 -0.268
-6409.0 -0.230
-6388.0 -0.149
-6367.0 -0.280
-6346.0 -0.126
-6326.0 -0.159
-6306.0 -0.305
-6286.0 -0.366
-6265.0 -0.168
-6245.0 -0.241
-6225.0 -0.334
-6205.0 -0.237
-6186.0 -0.263
-6166.0 -0.207
-6147.0 -0.436
-6127.0 -0.130
-6107.0 -0.395
-6087.0 -0.338
-6067.0 -0.225
-6047.0 -0.278
-6028.0 -0.328
-6009.0 -0.390
-5989.0 -0.264
-5967.0 -0.127
-5946.0 -0.237
-5926.0 -0.213
-5905.0 -0.259
-5887.0 -0.373
-5868.0 -0.406
-5850.0 -0.369
-5831.0 -0.201
-5811.0 -0.464
-5793.0 -0.451
-5774.0 -0.235
-5756.0 -0.513
-5736.0 -0.229
-5717.0 -0.406
-5697.0 -0.202
-5677.0 -0.299
-5657.0 -0.317
-5637.0 -0.231
-5617.0 -0.344
-5598.0 -0.296
-5580.0 -0.493
-5561.0 -0.330
-5539.0 -0.222
-5516.0 -0.041
-5495.0 -0.159
-5474.0 -0.322
-5453.0 -0.161
-5430.0 -0.188
-5409.0 -0.048
-5389.0 -0.402
-5370.0 -0.334
-5351.0 -0.296
-5332.0 -0.420
-5312.0 -0.303
-5293.0 -0.422
-5273.0 -0.296
-5253.0 -0.148
-5232.0 -0.308
-5212.0 -0.268
-5193.0 -0.365
-5175.0 -0.407
-5156.0 -0.404
-5137.0 -0.363
-5118.0 -0.313
-5097.0 -0.299
-5077.0 -0.205
-5057.0 -0.378
-5037.0 -0.292
-5018.0 -0.288
-4997.0 -0.243
-4978.0 -0.264
-4958.0 -0.460
-4939.0 -0.379
-4920.0 -0.326
-4901.0 -0.309
-4882.0 -0.363
-4863.0 -0.419
-4842.0 -0.288
-4821.0 -0.177
-4801.0 -0.281
-4781.0 -0.293
-4760.0 -0.170
-4741.0 -0.230
-4721.0 -0.455
-4701.0 -0.280
-4681.0 -0.309
-4661.0 -0.329
-4642.0 -0.256
-4622.0 -0.366
-4602.0 -0.352
-4582.0 -0.332
-4562.0 -0.225
-4542.0 -0.278
-4521.0 -0.238
-4503.0 -0.433
-4484.0 -0.279
-4465.0 -0.506
-4445.0 -0.377
-4426.0 -0.211
-4406.0 -0.288
-4387.0 -0.336
-4367.0 -0.369
-4347.0 -0.330
-4326.0 -0.194
-4307.0 -0.267
-4288.0 -0.510
-4269.0 -0.304
-4250.0 -0.504
-4231.0 -0.419
-4212.0 -0.123
-4193.0 -0.396
-4173.0 -0.338
-4154.0 -0.275
-4134.0 -0.252
-4115.0 -0.439
-4095.0 -0.448
-4076.0 -0.177
-4057.0 -0.437
-4038.0 -0.433
-4019.0 -0.252
-3999.0 -0.256
-3980.0 -0.383
-3960.0 -0.276
-3940.0 -0.305
-3920.0 -0.262
-3900.0 -0.315
-3881.0 -0.426
-3861.0 -0.209
-3842.0 -0.238
-3822.0 -0.365
-3802.0 -0.341
-3783.0 -0.472
-3764.0 -0.123
-3746.0 -0.497
-3727.0 -0.510
-3709.0 -0.196
-3691.0 -0.467
-3672.0 -0.412
-3654.0 -0.353
-3636.0 -0.432
-3618.0 -0.452
-3598.0 -0.242
-3578.0 -0.352
-3559.0 -0.292
-3541.0 -0.350
-3522.0 -0.509
-3503.0 -0.193
-3484.0 -0.391
-3465.0 -0.328
-3445.0 -0.307
-3425.0 -0.272
-3405.0 -0.293
-3385.0 -0.329
-3365.0 -0.140
-3346.0 -0.237
-3326.0 -0.423
-3307.0 -0.192
-3287.0 -0.233
-3267.0 -0.393
-3247.0 -0.098
-3227.0 -0.222
-3207.0 -0.412
-3186.0 -0.159
-3165.0 -0.210
-3147.0 -0.137
-3129.0 -0.498
-3110.0 -0.456
-3092.0 -0.414
-3074.0 -0.326
-3056.0 -0.350
-3037.0 -0.344
-3019.0 -0.263
-3000.0 -0.329
-2980.0 -0.210
-2961.0 -0.285
-2943.0 -0.369
-2924.0 -0.406
-2906.0 -0.198
-2888.0 -0.246
-2870.0 -0.336
-2852.0 -0.478
-2835.0 -0.478
-2818.0 -0.505
-2801.0 -0.332
-2784.0 -0.451
-2767.0 -0.437
-2750.0 -0.448
-2733.0 -0.501
-2715.0 -0.214
-2697.0 -0.304
-2678.0 -0.256
-2659.0 -0.305
-2642.0 -0.342
-2625.0 -0.443
-2607.0 -0.379
-2589.0 -0.229
-2571.0 -0.398
-2553.0 -0.316
-2535.0 -0.452
-2518.0 -0.271
-2500.0 -0.352
-2481.0 -0.247
-2463.0 -0.244
-2443.0 -0.330
-2424.0 -0.227
-2405.0 -0.070
-2385.0 -0.206
-2367.0 -0.221
-2347.0 -0.247
-2327.0 -0.144
-2306.0 -0.059
-2289.0 -0.353
-2271.0 -0.284
-2253.0 -0.370
-2237.0 -0.444
-2219.0 -0.357
-2202.0 -0.270
-2184.0 -0.267
-2165.0 -0.196
-2147.0 -0.285
-2130.0 -0.246
-2113.0 -0.389
-2095.0 -0.233
-2078.0 -0.238
-2061.0 -0.544
-2044.0 -0.209
-2025.0 -0.328
-2007.0 -0.188
-1990.0 -0.234
-1973.0 -0.291
-1956.0 -0.354
-1938.0 -0.280
-1922.0 -0.332
-1905.0 -0.330
-1889.0 -0.567
-1873.0 -0.190
-1856.0 -0.377
-1839.0 -0.200
-1822.0 -0.193
-1804.0 -0.363
-1787.0 -0.144
-1771.0 -0.403
-1754.0 -0.344
-1737.0 -0.316
-1720.0 -0.256
-1702.0 -0.223
-1686.0 -0.377
-1670.0 -0.386
-1654.0 -0.167
-1637.0 -0.427
-1621.0 -0.219
-1604.0 -0.178
-1588.0 -0.362
-1572.0 -0.336
-1556.0 -0.209
-1541.0 -0.449
-1525.0 -0.295
-1510.0 -0.259
-1494.0 -0.288
-1479.0 -0.207
-1463.0 -0.468
-1448.0 -0.271
-1432.0 -0.238
-1416.0 -0.267
-1401.0 -0.328
-1387.0 -0.308
-1373.0 -0.448
-1359.0 -0.535
-1345.0 -0.308
-1330.0 -0.448
-1316.0 -0.359
-1302.0 -0.493
-1287.0 -0.291
-1273.0 -0.309
-1258.0 -0.366
-1244.0 -0.379
-1229.0 -0.407
-1215.0 -0.259
-1201.0 -0.447
-1188.0 -0.467
-1174.0 -0.453
-1161.0 -0.285
-1147.0 -0.211
-1133.0 -0.535
-1118.0 -0.259
-1104.0 -0.426
-1089.0 -0.225
-1075.0 -0.231
-1061.0 -0.378
-1047.0 -0.461
-1032.0 -0.349
-1019.0 -0.205
-1005.0 -0.272
-990.0 -0.278
-976.0 -0.381
-961.0 -0.231
-947.0 -0.258
-932.0 -0.242
-917.0 -0.194
-903.0 -0.452
-889.0 -0.144
-875.0 -0.408
-862.0 -0.194
-849.0 -0.529
-837.0 -0.485
-825.0 -0.455
-812.0 -0.404
-799.0 -0.334
-786.0 -0.373
-772.0 -0.309
-759.0 -0.317
-744.0 -0.210
-729.0 -0.140
-715.0 -0.204
-701.0 -0.266
-687.0 -0.247
-672.0 -0.250
-658.0 -0.204
-645.0 -0.366
-632.0 -0.460
-619.0 -0.523
-606.0 -0.223
-594.0 -0.215
-581.0 -0.515
-568.0 -0.229
-555.0 -0.423
-542.0 -0.497
-529.0 -0.283
-516.0 -0.218
-503.0 -0.019
-490.0 -0.386
-478.0 -0.225
-466.0 -0.256
-454.0 -0.349
-442.0 -0.352
-430.0 -0.102
-419.0 -0.358
-407.0 -0.315
-395.0 -0.268
-383.0 -0.128
-371.0 -0.211
-359.0 -0.242
-347.0 -0.334
-336.0 -0.252
-324.0 -0.276
-312.0 -0.169
-301.0 -0.352
-289.0 -0.285
-278.0 -0.144
-267.0 -0.312
-255.0 -0.328
-245.0 -0.424
-234.0 -0.441
-223.0 -0.386
-212.0 -0.008
-202.0 -0.398
-191.0 -0.168
-181.0 -0.235
-171.0 -0.367
-161.0 -0.469
-150.0 -0.278
-140.0 -0.381
-129.0 -0.184
-119.0 -0.258
-110.0 -0.435
-100.0 -0.262
-91.0 -0.337
-82.0 -0.337
-73.0 -0.275
-64.0 -0.377
-55.0 -0.732
-47.0 -0.574
-38.0 -0.447
